0001171;63927060;\RECH\IMAGENS\63927060PDM001B.JPG;01
0001172;63931060;\RECH\IMAGENS\63931060PDM001B.JPG;01
0001173;63932060;\RECH\IMAGENS\63932060PDM001B.JPG;01
0001175;63927070;\RECH\IMAGENS\63927070PDM001B.JPG;01
0001176;63931070;\RECH\IMAGENS\63931070PDM001B.JPG;01
0001177;63932070;\RECH\IMAGENS\63932070PDM001B.JPG;01
0001179;63927080;\RECH\IMAGENS\63927080PDM001B.JPG;01
0001180;63931080;\RECH\IMAGENS\63931080PDM001B.JPG;01
0001181;63932080;\RECH\IMAGENS\63932080PDM001B.JPG;01
0001183;63927090;\RECH\IMAGENS\63927090PDM001B.JPG;01
0001184;63931090;\RECH\IMAGENS\63931090PDM001B.JPG;01
0001185;63932090;\RECH\IMAGENS\63932090PDM001B.JPG;01
0001187;63927100;\RECH\IMAGENS\63927100PDM001B.JPG;01
0001188;63931100;\RECH\IMAGENS\63931100PDM001B.JPG;01
0001189;63932100;\RECH\IMAGENS\63932100PDM001B.JPG;01
0001191;63927110;\RECH\IMAGENS\63927110PDM001B.JPG;01
0001192;63931110;\RECH\IMAGENS\63931110PDM001B.JPG;01
0001193;63932110;\RECH\IMAGENS\63932110PDM001B.JPG;01
0001195;63927120;\RECH\IMAGENS\63927120PDM001B.JPG;01
0001196;63931120;\RECH\IMAGENS\63931120PDM001B.JPG;01
0001197;63932120;\RECH\IMAGENS\63932120PDM001B.JPG;01
0001199;63927140;\RECH\IMAGENS\63927140PDM001B.JPG;01
0001200;63931140;\RECH\IMAGENS\63931140PDM001B.JPG;01
0001202;63927150;\RECH\IMAGENS\63927150PDM001B.JPG;01
0001203;63931150;\RECH\IMAGENS\63931150PDM001B.JPG;01
0001204;63932150;\RECH\IMAGENS\63932150PDM001B.JPG;01
0001209;63927170;\RECH\IMAGENS\63927170PDM001B.JPG;01
0001210;63931170;\RECH\IMAGENS\63931170.JPG;01
0001210;63931170;\RECH\IMAGENS\639311702.JPG;02
0001211;63932170;\RECH\IMAGENS\63932170PDM001B.JPG;01
0001213;63932180;\RECH\IMAGENS\63932180PDM001B.JPG;01
0001214;63931190;\RECH\IMAGENS\63931190_13052815072447369015210.JPG;01
0001215;63932190;\RECH\IMAGENS\63932190PDM001B.JPG;01
0001217;63927210;\RECH\IMAGENS\63927210PDM001B.JPG;01
0001218;63931210;\RECH\IMAGENS\63931210_13052815072449664015210.JPG;01
0001219;63932210;\RECH\IMAGENS\63932210PDM001B.JPG;01
0001221;63927250;\RECH\IMAGENS\63927250PDM001B.JPG;01
0001222;63931250;\RECH\IMAGENS\63931250.JPG;01
0001223;63932250;\RECH\IMAGENS\63932250PDM001B.JPG;01
0001225;63927260;\RECH\IMAGENS\63927260PDM001B.JPG;01
0001226;63931260;\RECH\IMAGENS\63931260PDM001B.JPG;01
0001227;63932260;\RECH\IMAGENS\63932260PDM001B.JPG;01
0001229;63927270;\RECH\IMAGENS\63927270PDM001B.JPG;01
0001230;63931270;\RECH\IMAGENS\63931270PDM001B.JPG;01
0001231;63932270;\RECH\IMAGENS\63932270PDM001B.JPG;01
0001247;66932210;\RECH\IMAGENS\66908210PDM001B.JPG;01
0001249;66927220;\RECH\IMAGENS\66927220_13061316002891551015210.JPG;01
0001249;66927220;\RECH\IMAGENS\66927220.JPG;02
0001251;66932220;\RECH\IMAGENS\66932220.JPG;01
0001255;66927400;\RECH\IMAGENS\66927400PDM001B.JPG;01
0001256;66931410;\RECH\IMAGENS\66931410PDM001B.JPG;01
0001257;66932420;\RECH\IMAGENS\66932420PDM001B.JPG;01
0001266;63911010;\RECH\IMAGENS\63911010.JPG;01
0001266;63911010;\RECH\IMAGENS\63911010IXM001B.JPG;02
0001267;63915010;\RECH\IMAGENS\63915010PDM001B.JPG;01
0001268;63916010;\RECH\IMAGENS\63916010_13052719133680266015210.JPG;01
0001269;63917010;\RECH\IMAGENS\63917010PDM001B.JPG;01
0001270;63911020;\RECH\IMAGENS\63911020_13052710235010009015210.JPG;01
0001270;63911020;\RECH\IMAGENS\63911020_13052710235012483015210.JPG;02
0001271;63915020;\RECH\IMAGENS\63915020PDM001B.JPG;01
0001272;63916020;\RECH\IMAGENS\63916020_13052719133681829015210.JPG;01
0001273;63917020;\RECH\IMAGENS\63917020PDM001B.JPG;01
0001274;63911030;\RECH\IMAGENS\63911030_13052710235015424015210.JPG;01
0001275;63915030;\RECH\IMAGENS\63915030PDM001B.JPG;01
0001276;63916030;\RECH\IMAGENS\63916030 (2).JPG;01
0001277;63917030;\RECH\IMAGENS\63917030PDM001B.JPG;01
0001278;63911040;\RECH\IMAGENS\63911040PDM001B.JPG;01
0001279;63915040;\RECH\IMAGENS\63915040PDM001B.JPG;01
0001280;63916040;\RECH\IMAGENS\63916040_13052719133684663015210.JPG;01
0001281;63917040;\RECH\IMAGENS\63917040PDM001B.JPG;01
0001282;63915050;\RECH\IMAGENS\63915050_13052718035835618015210.JPG;01
0001283;63916050;\RECH\IMAGENS\63916050_13052719133686464015210.JPG;01
0001284;63917050;\RECH\IMAGENS\63917050PDM001B.JPG;01
0001285;63911060;\RECH\IMAGENS\63911060PDM001B.JPG;01
0001286;63915060;\RECH\IMAGENS\63915060PDM001B.JPG;01
0001288;63917060;\RECH\IMAGENS\63917060PDM001B.JPG;01
0001289;63911070;\RECH\IMAGENS\63911070PDM001B.JPG;01
0001290;63915070;\RECH\IMAGENS\63915070PDM001B.JPG;01
0001291;63916070;\RECH\IMAGENS\63916070_13052719133688254015210.JPG;01
0001292;63917070;\RECH\IMAGENS\63917070PDM001B.JPG;01
0001293;63911080;\RECH\IMAGENS\63911080PDM001B.JPG;01
0001294;63915080;\RECH\IMAGENS\63915080_13052718035838928015210.JPG;01
0001295;63916080;\RECH\IMAGENS\63916080_13052719133690051015210.JPG;01
0001296;63917080;\RECH\IMAGENS\63917080PDM001B.JPG;01
0001297;63911090;\RECH\IMAGENS\63911090PDM001B.JPG;01
0001298;63915090;\RECH\IMAGENS\63915090PDM001B.JPG;01
0001299;63916090;\RECH\IMAGENS\63916090_13052719133691892015210.JPG;01
0001300;63917090;\RECH\IMAGENS\63917090PDM001B.JPG;01
0001301;63911100;\RECH\IMAGENS\63911100PDM001B.JPG;01
0001302;63915100;\RECH\IMAGENS\63915100PDM001B.JPG;01
0001303;63916100;\RECH\IMAGENS\63916100_13052719133693858015210.JPG;01
0001304;63917100;\RECH\IMAGENS\63917100PDM001B.JPG;01
0001305;63911110;\RECH\IMAGENS\63911110PDM001B.JPG;01
0001306;10000082;\RECH\IMAGENS\10000082PDM001B.JPG;01
0001310;63915110;\RECH\IMAGENS\63915110PDM001B.JPG;01
0001312;63917110;\RECH\IMAGENS\63917110PDM001B.JPG;01
0001313;63911120;\RECH\IMAGENS\63911120PDM001B.JPG;01
0001314;63915120;\RECH\IMAGENS\63915120PDM001B.JPG;01
0001316;63917120;\RECH\IMAGENS\63917120PDM001B.JPG;01
0001317;63911140;\RECH\IMAGENS\63911140PDM001B.JPG;01
0001318;63915140;\RECH\IMAGENS\63915140PDM001B.JPG;01
0001319;63916140;\RECH\IMAGENS\63916140_13052719133701704015210.JPG;01
0001320;63917140;\RECH\IMAGENS\63917140PDM001B.JPG;01
0001321;63911150;\RECH\IMAGENS\63911150PDM001B.JPG;01
0001322;63915150;\RECH\IMAGENS\63915150PDM001B.JPG;01
0001323;63916150;\RECH\IMAGENS\63916150_13052719133703818015210.JPG;01
0001324;63917150;\RECH\IMAGENS\63917150PDM001B.JPG;01
0001328;63917160;\RECH\IMAGENS\63917160N01B.JPG;01
0001329;63911170;\RECH\IMAGENS\63911170PDM001B.JPG;01
0001330;63915170;\RECH\IMAGENS\63915170PDM001B.JPG;01
0001332;63917170;\RECH\IMAGENS\63917170PDM001B.JPG;01
0001333;63911190;\RECH\IMAGENS\63911190PDM001B.JPG;01
0001334;63915190;\RECH\IMAGENS\63915190_13052718251321860015210.JPG;01
0001335;63916190;\RECH\IMAGENS\63916190_13052719133705665015210.JPG;01
0001336;63917190;\RECH\IMAGENS\63917190PDM001B.JPG;01
0001337;63911210;\RECH\IMAGENS\63911210PDM001B.JPG;01
0001338;63915210;\RECH\IMAGENS\63915210PDM001B.JPG;01
0001339;63916210;\RECH\IMAGENS\63916210_13052719133708127015210.JPG;01
0001340;63917210;\RECH\IMAGENS\63917210PDM001B.JPG;01
0001341;63911250;\RECH\IMAGENS\63911250PDM001B.JPG;01
0001342;63915250;\RECH\IMAGENS\63915250PDM001B.JPG;01
0001343;63916250;\RECH\IMAGENS\63916250_13052719133710135015210.JPG;01
0001345;63911260;\RECH\IMAGENS\63911260PDM001B.JPG;01
0001346;63915260;\RECH\IMAGENS\63915260PDM001B.JPG;01
0001347;63916260;\RECH\IMAGENS\63916260_13052719133712280015210.JPG;01
0001348;63917260;\RECH\IMAGENS\63917260PDM001B.JPG;01
0001349;94543006;\RECH\IMAGENS\94543006IXM001B.JPG;01
0001349;94543006;\RECH\IMAGENS\94543006PDM001B.JPG;02
0001359;66915220;\RECH\IMAGENS\66915220N01B.JPG;01
0001359;66915220;\RECH\IMAGENS\66915220PDM001B.JPG;02
0001362;66911210;\RECH\IMAGENS\66908210PDM001B.JPG;01
0001366;66911220;\RECH\IMAGENS\66911400PDM001B.JPG;01
0001366;66911220;\RECH\IMAGENS\66911220PDM001B.JPG;02
0001373;66911410;\RECH\IMAGENS\66911410_13070815524009370015210.JPG;01
0001374;66915400;\RECH\IMAGENS\66915400PDM001B.JPG;01
0001375;66916400;\RECH\IMAGENS\66916400PDM001A.JPG;01
0001375;66916400;\RECH\IMAGENS\66916400PDM001B.JPG;02
0001376;66917400;\RECH\IMAGENS\66917400PDM001B.JPG;01
0001377;66911400;\RECH\IMAGENS\66911400PDM001B.JPG;01
0001385;66995820;\RECH\IMAGENS\66995820N01B.JPG;01
0001386;66995870;\RECH\IMAGENS\66995870N01B.JPG;01
0001387;66995810;\RECH\IMAGENS\66995810N01B.JPG;01
0001388;66995850;\RECH\IMAGENS\66995850N01B.JPG;01
0001390;66935600;\RECH\IMAGENS\66935600N01B.JPG;01
0001391;66935610;\RECH\IMAGENS\66935610N01B.JPG;01
0001392;43390300;\RECH\IMAGENS\43390300PDM001B.JPG;01
0001395;66999600;\RECH\IMAGENS\66999600PDM001B.JPG;01
0001396;66950630;\RECH\IMAGENS\66950630PDM001B.JPG;01
0001397;66917600;\RECH\IMAGENS\66917600N01B.JPG;01
0001398;66970000;\RECH\IMAGENS\66970000PDM001B.JPG;01
0001399;66970010;\RECH\IMAGENS\66970010EBM001B.JPG;01
0001399;66970010;\RECH\IMAGENS\66970010PDM001B (2).JPG;02
0001399;66970010;\RECH\IMAGENS\66970010PDM001B.JPG;03
0001400;66970030;\RECH\IMAGENS\66970030PDM001B.JPG;01
0001401;65500020;\RECH\IMAGENS\65500020PDM001B.JPG;01
0001403;22252108;\RECH\IMAGENS\22252108PDM001B.JPG;01
0001405;22310003;\RECH\IMAGENS\22310003PDM001B.JPG;01
0001406;22310103;\RECH\IMAGENS\22310103PDM001B.JPG;01
0001407;22311004;\RECH\IMAGENS\22311004PDM001B.JPG;01
0001409;22312005;\RECH\IMAGENS\22312005PDM001B.JPG;01
0001411;22313005;\RECH\IMAGENS\22313005PDM001B.JPG;01
0001412;22313105;\RECH\IMAGENS\22313105PDM001B.JPG;01
0001413;22314006;\RECH\IMAGENS\22314006PDM001B.JPG;01
0001415;22315006;\RECH\IMAGENS\22315006PDM001B.JPG;01
0001416;22315008;\RECH\IMAGENS\22315006PDM001B.JPG;01
0001419;22316008;\RECH\IMAGENS\22316008PDM001B.JPG;01
0001421;22317008;\RECH\IMAGENS\22317008PDM001B.JPG;01
0001423;22301004;\RECH\IMAGENS\22301004PDM001B.JPG;01
0001424;22302000;\RECH\IMAGENS\22302000PDM001B.JPG;01
0001425;22303000;\RECH\IMAGENS\22303000PDM001B.JPG;01
0001426;22304003;\RECH\IMAGENS\22304003PDM001B.JPG;01
0001427;22305000;\RECH\IMAGENS\22305000PDM001B.JPG;01
0001428;22306000;\RECH\IMAGENS\22306000PDM001B.JPG;01
0001429;22307000;\RECH\IMAGENS\22307000PDM001B.JPG;01
0001430;22300005;\RECH\IMAGENS\22300005PDM001B.JPG;01
0001431;22318006;\RECH\IMAGENS\22318006PDM001B.JPG;01
0001433;22318106;\RECH\IMAGENS\22318106PDM001B.JPG;01
0001435;22319006;\RECH\IMAGENS\22319006PDM001B.JPG;01
0001437;22334100;\RECH\IMAGENS\22334100N01B.JPG;01
0001438;22330100;\RECH\IMAGENS\22330100PDM001B.JPG;01
0001439;22331100;\RECH\IMAGENS\22331100N01B.JPG;01
0001440;22332100;\RECH\IMAGENS\22332100N01B.JPG;01
0001441;22301304;\RECH\IMAGENS\22301304PDM001B.JPG;01
0001442;22302300;\RECH\IMAGENS\22302300PDM001B.JPG;01
0001443;22303300;\RECH\IMAGENS\22303300PDM001B.JPG;01
0001444;22304303;\RECH\IMAGENS\22304303N01B.JPG;01
0001445;22305300;\RECH\IMAGENS\22305300N01B.JPG;01
0001446;22306300;\RECH\IMAGENS\22306300N01B.JPG;01
0001447;22307300;\RECH\IMAGENS\22307300PDM001B.JPG;01
0001448;22399001;\RECH\IMAGENS\22399001PDM001B.JPG;01
0001449;22311304;\RECH\IMAGENS\22311304N01B.JPG;01
0001450;22300305;\RECH\IMAGENS\22300305PDM001B.JPG;01
0001451;22399012;\RECH\IMAGENS\22399012PDM001B.JPG;01
0001452;22399008;\RECH\IMAGENS\22399008N01B.JPG;01
0001454;22399005;\RECH\IMAGENS\22399005N01B.JPG;01
0001455;22399007;\RECH\IMAGENS\22399007N01B.JPG;01
0001456;22399004;\RECH\IMAGENS\22399004PDM001B.JPG;01
0001457;22399018;\RECH\IMAGENS\22399018PDM001B.JPG;01
0001458;22399020;\RECH\IMAGENS\22399020PDM001B.JPG;01
0001459;22399019;\RECH\IMAGENS\22399019N01B.JPG;01
