0000001;61346080;\RECH\IMAGENS\61346080PDM001B.JPG;01
0000001;61346080;\RECH\IMAGENS\61346080PRM001B.JPG;02
0000002;10029060;\RECH\IMAGENS\10029060N01B.JPG;01
0000003;10031060;\RECH\IMAGENS\10031060N01B.JPG;01
0000004;10042730;\RECH\IMAGENS\10042730N01B.JPG;01
0000006;10100060;\RECH\IMAGENS\10100060E01B.JPG;01
0000006;10100060;\RECH\IMAGENS\10100060N01B.JPG;02
0000010;10120060;\RECH\IMAGENS\10120060E01B.JPG;01
0000010;10120060;\RECH\IMAGENS\10120060N01B.JPG;02
0000011;10130060;\RECH\IMAGENS\10130060PDM001B.JPG;01
0000012;10203060;\RECH\IMAGENS\10203060E01B.JPG;01
0000012;10203060;\RECH\IMAGENS\10203060N01B.JPG;02
0000013;10204060;\RECH\IMAGENS\10204060E01B.JPG;01
0000013;10204060;\RECH\IMAGENS\10204060N01B.JPG;02
0000015;10222060;\RECH\IMAGENS\10222060E01B.JPG;01
0000015;10222060;\RECH\IMAGENS\10222060N01B.JPG;02
0000016;10223060;\RECH\IMAGENS\10223060E01B.JPG;01
0000016;10223060;\RECH\IMAGENS\10223060N01B.JPG;02
0000017;10201060;\RECH\IMAGENS\10201060E01B.JPG;01
0000017;10201060;\RECH\IMAGENS\10201060N01B.JPG;02
0000019;22210103;\RECH\IMAGENS\22210103.JPG;01
0000027;65650070;\RECH\IMAGENS\65650070PDM001B.JPG;01
0000028;10000292;\RECH\IMAGENS\10000292PDM001B.JPG;01
0000030;10005292;\RECH\IMAGENS\10005292PDM001B.JPG;01
0000031;10012082;\RECH\IMAGENS\10012082PDM001B.JPG;01
0000032;10015032;\RECH\IMAGENS\10015032N01B.JPG;01
0000033;10016032;\RECH\IMAGENS\10016032PDM001B.JPG;01
0000034;10017032;\RECH\IMAGENS\10017032PDM001B.JPG;01
0000035;10019004;\RECH\IMAGENS\10019004N01B.JPG;01
0000036;10025060;\RECH\IMAGENS\10025060N01B.JPG;01
0000037;10025070;\RECH\IMAGENS\10025070PDM001B.JPG;01
0000043;78639281;\RECH\IMAGENS\78639281ATM001B.JPG;01
0000043;78639281;\RECH\IMAGENS\78639281PDM001B.JPG;02
0000066;64310114;\RECH\IMAGENS\64310114N01B.JPG;01
0000066;64310114;\RECH\IMAGENS\64310114EBM001B.JPG;02
0000067;23100314;\RECH\IMAGENS\23100314N01B.JPG;01
0000068;23102310;\RECH\IMAGENS\23102310N01B.JPG;01
0000069;23103310;\RECH\IMAGENS\23103310N01B.JPG;01
0000070;23105310;\RECH\IMAGENS\23105310N01B.JPG;01
0000071;23106310;\RECH\IMAGENS\23106310N01B.JPG;01
0000072;23107310;\RECH\IMAGENS\23107310N01B.JPG;01
0000073;23108310;\RECH\IMAGENS\23108310N01B.JPG;01
0000076;21111070;\RECH\IMAGENS\21111070N01B.JPG;01
0000077;21150170;\RECH\IMAGENS\21150170N01B.JPG;01
0000078;21151170;\RECH\IMAGENS\21151170N01B.JPG;01
0000079;21152170;\RECH\IMAGENS\21152170PDM001B.JPG;01
0000080;21153170;\RECH\IMAGENS\21153170N01B.JPG;01
0000081;21155170;\RECH\IMAGENS\21155170PDM001B.JPG;01
0000082;21156170;\RECH\IMAGENS\21156170PDM001B.JPG;01
0000083;21157170;\RECH\IMAGENS\21157170PDM001B.JPG;01
0000084;21158170;\RECH\IMAGENS\21158170PDM001B.JPG;01
0000086;21129179;\RECH\IMAGENS\21129179N01B.JPG;01
0000087;21134176;\RECH\IMAGENS\21134176PDM001B.JPG;01
0000088;21146170;\RECH\IMAGENS\21146070PDM001B.JPG;01
0000089;21147170;\RECH\IMAGENS\21147170PDM001B.JPG;01
0000090;21148178;\RECH\IMAGENS\21148178PDM001B.JPG;01
0000091;21100375;\RECH\IMAGENS\21100375PDM001B.JPG;01
0000092;21101374;\RECH\IMAGENS\21101374PDM001B.JPG;01
0000093;21102370;\RECH\IMAGENS\21102370PDM001B.JPG;01
0000095;21104373;\RECH\IMAGENS\21104373N01B.JPG;01
0000096;21105370;\RECH\IMAGENS\21105370N01B.JPG;01
0000097;21106370;\RECH\IMAGENS\21106370N01B.JPG;01
0000098;21107370;\RECH\IMAGENS\21107370PDM001B.JPG;01
0000100;21199722;\RECH\IMAGENS\21199722_13060817333771840015210.JPG;01
0000101;21199719;\RECH\IMAGENS\21199719N01B.JPG;01
0000102;21199732;\RECH\IMAGENS\21199732N01B.JPG;01
0000103;21199705;\RECH\IMAGENS\21199705N01B.JPG;01
0000103;21199705;\RECH\IMAGENS\21199705PDM001B.JPG;02
0000105;55912001;\RECH\IMAGENS\55912001N01B.JPG;01
0000113;25031180;\RECH\IMAGENS\25031180N01B.JPG;01
0000115;25005180;\RECH\IMAGENS\25005180N01B.JPG;01
0000116;25004180;\RECH\IMAGENS\25004180N01B.JPG;01
0000117;25003180;\RECH\IMAGENS\25003180N01B.JPG;01
0000118;25000180;\RECH\IMAGENS\25000180PDM001B.JPG;01
0000119;25010180;\RECH\IMAGENS\25010180N01B.JPG;01
0000120;25025180;\RECH\IMAGENS\25025180N01B.JPG;01
0000124;25106180;\RECH\IMAGENS\25106180PDM001B.JPG;01
0000129;25200180;\RECH\IMAGENS\25200180N01B.JPG;01
0000142;26499017;\RECH\IMAGENS\26499017N01B.JPG;01
0000142;26499017;\RECH\IMAGENS\26499017N02B.JPG;02
0000143;26499018;\RECH\IMAGENS\26499018N01B.JPG;01
0000144;26499019;\RECH\IMAGENS\26499019N01B.JPG;01
0000145;26300103;\RECH\IMAGENS\26300103PDM001B.JPG;01
0000146;26311103;\RECH\IMAGENS\26311103N01B.JPG;01
0000148;26330130;\RECH\IMAGENS\26330130PDM001B.JPG;01
0000149;26012108;\RECH\IMAGENS\26012108N01B.JPG;01
0000152;26030106;\RECH\IMAGENS\26030106N01B.JPG;01
0000153;26032106;\RECH\IMAGENS\26032106N01B.JPG;01
0000154;26063156;\RECH\IMAGENS\26063156N01B.JPG;01
0000155;26120176;\RECH\IMAGENS\26120176N01B.JPG;01
0000155;26120176;\RECH\IMAGENS\26120176PDM001B.JPG;02
0000157;26111177;\RECH\IMAGENS\26111177N01B.JPG;01
0000159;26081108;\RECH\IMAGENS\26081108_13060817333814447015210.JPG;01
0000160;26099071;\RECH\IMAGENS\26099071PDM001B.JPG;01
0000161;26099080;\RECH\IMAGENS\26099080N01B.JPG;01
0000162;20050022;\RECH\IMAGENS\20050022N01B.JPG;01
0000166;20505022;\RECH\IMAGENS\20505022N01B.JPG;01
0000168;20060024;\RECH\IMAGENS\20060024N01B.JPG;01
0000168;20060024;\RECH\IMAGENS\20060024PDM001B.JPG;02
0000169;62655240;\RECH\IMAGENS\62655240.JPG;01
0000171;20180016;\RECH\IMAGENS\20180016IXM001B.JPG;01
0000172;20180020;\RECH\IMAGENS\20180016IXM001B.JPG;01
0000173;20180024;\RECH\IMAGENS\20180016IXM001B.JPG;01
0000174;20199080;\RECH\IMAGENS\20199080N01B.JPG;01
0000175;25912108;\RECH\IMAGENS\25912108PDM001B.JPG;01
0000176;25914100;\RECH\IMAGENS\25914100PDM001B.JPG;01
0000177;25921100;\RECH\IMAGENS\25921100PDM001B.JPG;01
0000178;22255105;\RECH\IMAGENS\22255105PDM001B.JPG;01
0000179;22256104;\RECH\IMAGENS\22256104PDM001B.JPG;01
0000186;78591010;\RECH\IMAGENS\78591010N01B.JPG;01
0000188;77808801;\RECH\IMAGENS\77808801N01B.JPG;01
0000189;92354030;\RECH\IMAGENS\92354030N01B.JPG;01
0000190;77819151;\RECH\IMAGENS\77819151IXM001B.JPG;01
0000190;77819151;\RECH\IMAGENS\77819151N01B.JPG;02
0000191;57501001;\RECH\IMAGENS\57501001N01B.JPG;01
0000192;77847701;\RECH\IMAGENS\77847701N01B.JPG;01
0000193;77860001;\RECH\IMAGENS\77860001PDM001B.JPG;01
0000197;55911001;\RECH\IMAGENS\55911001N01B.JPG;01
0000198;78370401;\RECH\IMAGENS\78370401PDM001B.JPG;01
0000200;78150001;\RECH\IMAGENS\78150001PDM001B.JPG;01
0000201;78102801;\RECH\IMAGENS\78102801PDM001B.JPG;01
0000202;78151001;\RECH\IMAGENS\78151001PDM001B.JPG;01
0000204;78300801;\RECH\IMAGENS\78300801PDM001B.JPG;01
0000208;78798284;\RECH\IMAGENS\78798284PDM001B.JPG;01
0000209;64470820;\RECH\IMAGENS\64470820N01B.JPG;01
0000210;61260400;\RECH\IMAGENS\61260400_13061218423117823015210.JPG;01
0000211;61264600;\RECH\IMAGENS\61264600PDM001B.JPG;01
0000212;61265400;\RECH\IMAGENS\61265400_13061316002947996015210.JPG;01
0000213;61267300;\RECH\IMAGENS\61267300PDM001B.JPG;01
0000214;61269140;\RECH\IMAGENS\61269140PDM001B.JPG;01
0000215;61270180;\RECH\IMAGENS\61270180PDM001B.JPG;01
0000216;61277290;\RECH\IMAGENS\61277290N01B.JPG;01
0000218;61369420;\RECH\IMAGENS\61369420N01B.JPG;01
0000222;61379000;\RECH\IMAGENS\61379000N01B.JPG;01
0000224;61385200;\RECH\IMAGENS\61385200N01B.JPG;01
0000225;61400200;\RECH\IMAGENS\61400200PDM001B.JPG;01
0000226;61400400;\RECH\IMAGENS\61400400_13073017105729207015210.JPG;01
0000227;61402240;\RECH\IMAGENS\61402200PDM001B.JPG;01
0000228;61402260;\RECH\IMAGENS\61402200PDM001B.JPG;01
0000229;61402300;\RECH\IMAGENS\61402200PDM001B.JPG;01
0000230;61403500;\RECH\IMAGENS\61403500N01B.JPG;01
0000230;61403500;\RECH\IMAGENS\61403500PDM001B.JPG;02
0000230;61403500;\RECH\IMAGENS\61403500PRM001B.JPG;03
0000232;61405340;\RECH\IMAGENS\61405340PDM001B.JPG;01
0000233;61451220;\RECH\IMAGENS\61451220N01B.JPG;01
0000234;61452220;\RECH\IMAGENS\61452220N01B.JPG;01
0000235;61410240;\RECH\IMAGENS\61410161PDM001B.JPG;01
0000236;61284120;\RECH\IMAGENS\61284120PDM001B.JPG;01
0000237;44023101;\RECH\IMAGENS\44023101PDM001B.JPG;01
0000238;61415200;\RECH\IMAGENS\61415200N01B.JPG;01
0000239;61426170;\RECH\IMAGENS\61426170PDM001B.JPG;01
0000240;61409380;\RECH\IMAGENS\61409380.JPG;01
0000243;61413400;\RECH\IMAGENS\61413300PRM001B.JPG;01
0000244;61440350;\RECH\IMAGENS\61440350PDM001B.JPG;01
0000246;64400500;\RECH\IMAGENS\64400500PRM001B.JPG;01
0000247;61482180;\RECH\IMAGENS\61482180IXM001B.JPG;01
0000248;61483180;\RECH\IMAGENS\61483180N01B.JPG;01
0000249;61484010;\RECH\IMAGENS\61484010PDM001B.JPG;01
0000249;61484010;\RECH\IMAGENS\61484010IXM001B.JPG;02
0000250;61102000;\RECH\IMAGENS\61102000PDM001B.JPG;01
0000252;61105000;\RECH\IMAGENS\61105000PDM001B.JPG;01
0000253;61109000;\RECH\IMAGENS\61109000N01B.JPG;01
0000254;63800601;\RECH\IMAGENS\63800601PDM001B.JPG;01
0000258;61416200;\RECH\IMAGENS\61416200N01B.JPG;01
0000260;64400000;\RECH\IMAGENS\64400000N01B.JPG;01
0000261;64250900;\RECH\IMAGENS\64250900N01B.JPG;01
0000262;64250910;\RECH\IMAGENS\64250910N01B.JPG;01
0000263;64250920;\RECH\IMAGENS\64250920N01B.JPG;01
0000264;64400810;\RECH\IMAGENS\64400810IXM001B.JPG;01
0000264;64400810;\RECH\IMAGENS\64400810PDM001A.JPG;02
0000265;64490310;\RECH\IMAGENS\64490310PDM001B.JPG;01
0000266;64210700;\RECH\IMAGENS\64210700N01B.JPG;01
0000267;64210710;\RECH\IMAGENS\64210710N01B.JPG;01
0000269;64430810;\RECH\IMAGENS\64430810IXM001B.JPG;01
0000269;64430810;\RECH\IMAGENS\64430810PDM001B.JPG;02
0000270;64320000;\RECH\IMAGENS\64320000N01B.JPG;01
0000271;62500240;\RECH\IMAGENS\62500240.JPG;01
0000272;62503240;\RECH\IMAGENS\62503240.JPG;01
0000273;62503280;\RECH\IMAGENS\62503280.JPG;01
0000274;62504240;\RECH\IMAGENS\62504240.JPG;01
0000275;62504280;\RECH\IMAGENS\62504280.JPG;01
0000276;62505240;\RECH\IMAGENS\62505240.JPG;01
0000277;62505280;\RECH\IMAGENS\62505200PDM001B.JPG;01
0000277;62505280;\RECH\IMAGENS\62505280.JPG;02
0000278;62510240;\RECH\IMAGENS\62510240.JPG;01
0000294;66950020;\RECH\IMAGENS\63950400.JPG;01
0000294;66950020;\RECH\IMAGENS\66950020PDM001B.JPG;02
0000295;66995830;\RECH\IMAGENS\66995830N01B.JPG;01
0000296;66995860;\RECH\IMAGENS\66995860N01B.JPG;01
0000297;78505000;\RECH\IMAGENS\78505000N01B.JPG;01
0000298;78507000;\RECH\IMAGENS\78507000N01B.JPG;01
0000299;78509000;\RECH\IMAGENS\78509000N01B.JPG;01
0000300;78512000;\RECH\IMAGENS\78512000N01B.JPG;01
0000301;78504000;\RECH\IMAGENS\78504000N01B.JPG;01
0000301;78504000;\RECH\IMAGENS\78504000PDM001B.JPG;02
0000302;78502000;\RECH\IMAGENS\78502000N01B.JPG;01
0000302;78502000;\RECH\IMAGENS\78502000PDM001B.JPG;02
0000303;78501000;\RECH\IMAGENS\78501000N01B.JPG;01
0000303;78501000;\RECH\IMAGENS\78501000PDM001B.JPG;02
0000304;78515000;\RECH\IMAGENS\78515000N01B.JPG;01
