0002872;77118044;\RECH\IMAGENS\77118044N01B.JPG;01
0002873;77118344;\RECH\IMAGENS\77118344PDM001B.JPG;01
0002875;77119344;\RECH\IMAGENS\77119344PDM001B.JPG;01
0002876;77123344;\RECH\IMAGENS\77123344N01B.JPG;01
0002883;77134534;\RECH\IMAGENS\77134534N01B.JPG;01
0002888;77142544;\RECH\IMAGENS\77142544PDM001B.JPG;01
0002889;77142554;\RECH\IMAGENS\77142554PDM001B.JPG;01
0002890;77130044;\RECH\IMAGENS\77130044PDM001B.JPG;01
0002891;77130544;\RECH\IMAGENS\77130544PDM001B.JPG;01
0002893;77132544;\RECH\IMAGENS\77132544PDM001B.JPG;01
0002895;77144044;\RECH\IMAGENS\77144044N01B.JPG;01
0002895;77144044;\RECH\IMAGENS\77144044PDM001B.JPG;02
0002896;77144054;\RECH\IMAGENS\77144054PDM001B.JPG;01
0002898;77144544;\RECH\IMAGENS\77144544N01B.JPG;01
0002898;77144544;\RECH\IMAGENS\77144544PDM001B.JPG;02
0002900;77134044;\RECH\IMAGENS\77134044PDM001B.JPG;01
0002901;77134344;\RECH\IMAGENS\77134344PDM001B.JPG;01
0002902;77134544;\RECH\IMAGENS\77134544PDM001B.JPG;01
0002904;77128104;\RECH\IMAGENS\77128104N01B.JPG;01
0002904;77128104;\RECH\IMAGENS\77128104PDM001B.JPG;02
0002907;77128404;\RECH\IMAGENS\77128404PDM001B.JPG;01
0002910;77128504;\RECH\IMAGENS\77128504PDM001B.JPG;01
0002913;77200104;\RECH\IMAGENS\77200104N01B.JPG;01
0002913;77200104;\RECH\IMAGENS\77200104PDM001B.JPG;02
0002916;77201104;\RECH\IMAGENS\77201104PDM001B.JPG;01
0002919;77202004;\RECH\IMAGENS\77202004PDM001B.JPG;01
0002920;77202504;\RECH\IMAGENS\77202504PDM001B.JPG;01
0002921;77204004;\RECH\IMAGENS\77204004PDM001B.JPG;01
0002923;77205004;\RECH\IMAGENS\77205004PDM001B.JPG;01
0002924;77205504;\RECH\IMAGENS\77205504PDM001B.JPG;01
0002925;77206054;\RECH\IMAGENS\77206054PDM001B.JPG;01
0002930;77206604;\RECH\IMAGENS\77206604PDM001B.JPG;01
0002933;77207254;\RECH\IMAGENS\77207254PDM001B.JPG;01
0002934;77208104;\RECH\IMAGENS\77208104PDM001B.JPG;01
0002939;77211104;\RECH\IMAGENS\77211104PDM001B.JPG;01
0002941;77212104;\RECH\IMAGENS\77212104PDM001B.JPG;01
0002943;77213204;\RECH\IMAGENS\77213204N01B.JPG;01
0002943;77213204;\RECH\IMAGENS\77213204PDM001B.JPG;02
0002947;77214154;\RECH\IMAGENS\77214154N01B.JPG;01
0002947;77214154;\RECH\IMAGENS\77214154PDM001B.JPG;02
0002953;77216254;\RECH\IMAGENS\77216254N01B.JPG;01
0002953;77216254;\RECH\IMAGENS\77216254PDM001B.JPG;02
0002955;77218154;\RECH\IMAGENS\77218154PDM001B.JPG;01
0002958;77218254;\RECH\IMAGENS\77218254PDM001B.JPG;01
0002959;77222204;\RECH\IMAGENS\77222204PDM001B.JPG;01
0002963;77224204;\RECH\IMAGENS\77224204PDM001B.JPG;01
0002964;77224254;\RECH\IMAGENS\77224254N01B.JPG;01
0002964;77224254;\RECH\IMAGENS\77224254PDM001B.JPG;02
0002967;77228204;\RECH\IMAGENS\77228204PDM001B.JPG;01
0002968;77230204;\RECH\IMAGENS\77230204PDM001B.JPG;01
0002970;77252204;\RECH\IMAGENS\77252204N01B.JPG;01
0002973;77250154;\RECH\IMAGENS\77250154PDM001B.JPG;01
0002977;77251154;\RECH\IMAGENS\77251154N01B.JPG;01
0002981;77251654;\RECH\IMAGENS\77251654N01B.JPG;01
0002986;77256154;\RECH\IMAGENS\77256154PDM001B.JPG;01
0002993;77260204;\RECH\IMAGENS\77260204PDM001B.JPG;01
0002997;77262204;\RECH\IMAGENS\77262204PDM001B.JPG;01
0003001;77402404;\RECH\IMAGENS\77402404PDM001B.JPG;01
0003002;63999520;\RECH\IMAGENS\63999520PDM001B.JPG;01
0003003;20124024;\RECH\IMAGENS\20124024PDM001B.JPG;01
0003004;25106110;\RECH\IMAGENS\25106110PDM001B.JPG;01
0003005;64220910;\RECH\IMAGENS\64220910N01B.JPG;01
0003006;21499907;\RECH\IMAGENS\21499907EBM001B.JPG;01
0003006;21499907;\RECH\IMAGENS\21499907IXM001B.JPG;02
0003006;21499907;\RECH\IMAGENS\21499907IXM002B.JPG;03
0003006;21499907;\RECH\IMAGENS\21499907PDM001B.JPG;04
0003007;21199969;\RECH\IMAGENS\21199969PDM001B.JPG;01
0003007;21199969;\RECH\IMAGENS\21199969IXM002B.JPG;02
0003007;21199969;\RECH\IMAGENS\21199969IXM001B.JPG;03
0003008;77923001;\RECH\IMAGENS\77923001PDM001B.JPG;01
0003009;77800201;\RECH\IMAGENS\77800201N01B.JPG;01
0003009;77800201;\RECH\IMAGENS\77800201PDM001B.JPG;02
0003010;77848601;\RECH\IMAGENS\77848601N01B.JPG;01
0003012;10001082;\RECH\IMAGENS\10001082PDM001B.JPG;01
0003014;10005082;\RECH\IMAGENS\10005082PDM001B.JPG;01
0003015;21199971;\RECH\IMAGENS\21199971EBM001B.JPG;01
0003015;21199971;\RECH\IMAGENS\21199971IXM001B.JPG;02
0003015;21199971;\RECH\IMAGENS\21199971IXM002B.JPG;03
0003015;21199971;\RECH\IMAGENS\21199971PDM001B.JPG;04
0003016;26480000;\RECH\IMAGENS\26480000EBM001B.JPG;01
0003016;26480000;\RECH\IMAGENS\26480000IXM001B.JPG;02
0003016;26480000;\RECH\IMAGENS\26480000PDM001B.JPG;03
0003017;10028060;\RECH\IMAGENS\10028060N01B.JPG;01
0003018;10030060;\RECH\IMAGENS\10030060N01B.JPG;01
0003020;10041730;\RECH\IMAGENS\10041730N01B.JPG;01
0003021;10043730;\RECH\IMAGENS\10043730N01B.JPG;01
0003022;10044730;\RECH\IMAGENS\10044730N01B.JPG;01
0003023;10045730;\RECH\IMAGENS\10045730N01B.JPG;01
0003024;10046730;\RECH\IMAGENS\10046730N01B.JPG;01
0003025;10047730;\RECH\IMAGENS\10047730N01B.JPG;01
0003026;10060630;\RECH\IMAGENS\10060630N01B.JPG;01
0003027;10061630;\RECH\IMAGENS\10061630N01B.JPG;01
0003028;10062630;\RECH\IMAGENS\10062630N01B.JPG;01
0003029;10063630;\RECH\IMAGENS\10063630N01B.JPG;01
0003030;10064630;\RECH\IMAGENS\10064630N01B.JPG;01
0003031;10065630;\RECH\IMAGENS\10065630N01B.JPG;01
0003032;10066630;\RECH\IMAGENS\10066630N01B.JPG;01
0003033;10067630;\RECH\IMAGENS\10067630N01B.JPG;01
0003035;10105060;\RECH\IMAGENS\10105060E01B.JPG;01
0003035;10105060;\RECH\IMAGENS\10105060N01B.JPG;02
0003037;10108060;\RECH\IMAGENS\10108060E01B.JPG;01
0003037;10108060;\RECH\IMAGENS\10108060N01B.JPG;02
0003039;10047070;\RECH\IMAGENS\10047070PDM001B.JPG;01
0003040;10050370;\RECH\IMAGENS\10050370PDM001B.JPG;01
0003041;10133060;\RECH\IMAGENS\10133060EBM001B.JPG;01
0003041;10133060;\RECH\IMAGENS\10133060PDM001B.JPG;02
0003042;10134060;\RECH\IMAGENS\10134060PDM001B.JPG;01
0003044;10122060;\RECH\IMAGENS\10122060E01B.JPG;01
0003044;10122060;\RECH\IMAGENS\10122060N01B.JPG;02
0003045;10123060;\RECH\IMAGENS\10123060E01B.JPG;01
0003045;10123060;\RECH\IMAGENS\10123060N01B.JPG;02
0003046;10161060;\RECH\IMAGENS\10161060PDM001B.JPG;01
0003047;10010982;\RECH\IMAGENS\10010982N01B.JPG;01
0003051;10145060;\RECH\IMAGENS\10145060N01B.JPG;01
0003052;10221060;\RECH\IMAGENS\10221060E01B.JPG;01
0003052;10221060;\RECH\IMAGENS\10221060N01B.JPG;02
0003053;10225060;\RECH\IMAGENS\10225060E01B.JPG;01
0003053;10225060;\RECH\IMAGENS\10225060N01B.JPG;02
0003055;77269204;\RECH\IMAGENS\77269204PDM001B.JPG;01
0003056;77263204;\RECH\IMAGENS\77263204N01B.JPG;01
0003057;77263254;\RECH\IMAGENS\77263254PDM001B.JPG;01
0003060;77263704;\RECH\IMAGENS\77263704N01B.JPG;01
0003061;77263754;\RECH\IMAGENS\77263754PDM001B.JPG;01
0003064;77264304;\RECH\IMAGENS\77264304PDM001B.JPG;01
0003065;77266304;\RECH\IMAGENS\77266304N01B.JPG;01
0003066;77267304;\RECH\IMAGENS\77267304PDM001B.JPG;01
0003069;77268204;\RECH\IMAGENS\77268204PDM001B.JPG;01
0003073;77270204;\RECH\IMAGENS\77270204PDM001B.JPG;01
0003079;77272204;\RECH\IMAGENS\77272204PDM001B.JPG;01
0003082;77274004;\RECH\IMAGENS\77274004PDM001B.JPG;01
0003083;77275004;\RECH\IMAGENS\77275004PDM001B.JPG;01
0003084;77150064;\RECH\IMAGENS\77150064N01B.JPG;01
0003084;77150064;\RECH\IMAGENS\77150064PDM001B.JPG;02
0003087;77150564;\RECH\IMAGENS\77150564PDM001B.JPG;01
0003091;77151564;\RECH\IMAGENS\77151564N01B.JPG;01
0003091;77151564;\RECH\IMAGENS\77151564PDM001B.JPG;02
0003093;77167084;\RECH\IMAGENS\77167084N01B.JPG;01
0003095;77168104;\RECH\IMAGENS\77168104N01B.JPG;01
0003097;77158084;\RECH\IMAGENS\77158084PDM001B.JPG;01
0003098;77300403;\RECH\IMAGENS\77300403PDM001B.JPG;01
0003099;77300503;\RECH\IMAGENS\77300503IXM001B.JPG;01
0003100;77300543;\RECH\IMAGENS\77300543N01B.JPG;01
0003100;77300543;\RECH\IMAGENS\77300543PDM001B.JPG;02
0003102;77302503;\RECH\IMAGENS\77302503PDM001B.JPG;01
0003104;26480001;\RECH\IMAGENS\26480001EBM001B.JPG;01
0003104;26480001;\RECH\IMAGENS\26480001IXM001B.JPG;02
0003104;26480001;\RECH\IMAGENS\26480001PDM001B.JPG;03
0003105;20499203;\RECH\IMAGENS\20499203PDM001B.JPG;01
0003106;24099090;\RECH\IMAGENS\24099090PDM001B.JPG;01
0003106;24099090;\RECH\IMAGENS\24099090EBM001B.JPG;02
0003106;24099090;\RECH\IMAGENS\24099090IXM001B.JPG;03
0003108;25106190;\RECH\IMAGENS\25106190PDM001B.JPG;01
0003109;25601190;\RECH\IMAGENS\25601190PDM001B.JPG;01
0003110;94010202;\RECH\IMAGENS\94010202.JPG;01
0003111;94012202;\RECH\IMAGENS\94012203PDM001B1.JPG;01
0003112;94014202;\RECH\IMAGENS\94010202.JPG;01
0003113;25605190;\RECH\IMAGENS\25605190PDM001B.JPG;01
0003114;25611190;\RECH\IMAGENS\25611190PDM001B.JPG;01
0003115;25624190;\RECH\IMAGENS\25624190PDM001B.JPG;01
0003116;94024203;\RECH\IMAGENS\94024203PDM001B.JPG;01
0003117;25625190;\RECH\IMAGENS\25625190PDM001B.JPG;01
0003119;25603190;\RECH\IMAGENS\25603190PDM001B.JPG;01
0003120;94020202;\RECH\IMAGENS\94020202PDM001B1.JPG;01
0003121;94024202;\RECH\IMAGENS\94024202PDM001B.JPG;01
0003122;25632190;\RECH\IMAGENS\25632190PDM001B.JPG;01
0003123;25637190;\RECH\IMAGENS\25637190PDM001B.JPG;01
0003124;94510001;\RECH\IMAGENS\94510001PDM001B.JPG;01
0003125;94525000;\RECH\IMAGENS\94525000PDM001B.JPG;01
0003126;94510003;\RECH\IMAGENS\94510003PDM001B.JPG;01
0003127;94525001;\RECH\IMAGENS\94525001PDM001B.JPG;01
0003128;94510000;\RECH\IMAGENS\94510000PDM001B.JPG;01
0003129;94530000;\RECH\IMAGENS\94530000PDM001B.JPG;01
0003130;94510002;\RECH\IMAGENS\94510002PDM001B.JPG;01
0003131;92353010;\RECH\IMAGENS\92353010N01B.JPG;01
0003132;77303403;\RECH\IMAGENS\77303403IXM001B.JPG;01
0003133;77303503;\RECH\IMAGENS\77303503IXM001B.JPG;01
0003134;77305403;\RECH\IMAGENS\77305403IXM001B.JPG;01
0003135;77305503;\RECH\IMAGENS\77305503IXM001B.JPG;01
0003136;77305543;\RECH\IMAGENS\77305543PDM001B.JPG;01
0003137;77305553;\RECH\IMAGENS\77305553IXM001B.JPG;01
0003137;77305553;\RECH\IMAGENS\77305553PDM001B.JPG;02
0003138;77310503;\RECH\IMAGENS\77310503IXM001B.JPG;01
0003141;77311703;\RECH\IMAGENS\77311703N01B.JPG;01
0003142;77315253;\RECH\IMAGENS\77315253N01B.JPG;01
0003143;77316303;\RECH\IMAGENS\77316303IXM001B.JPG;01
0003143;77316303;\RECH\IMAGENS\77316303N01B.JPG;02
0003145;92050010;\RECH\IMAGENS\92050010PDM001B.JPG;01
0003146;77317603;\RECH\IMAGENS\77317603IXM001B.JPG;01
0003147;77317703;\RECH\IMAGENS\77317703IXM001B.JPG;01
0003148;77400024;\RECH\IMAGENS\77400024N01B.JPG;01
0003148;77400024;\RECH\IMAGENS\77400024PDM001B.JPG;02
0003150;77400424;\RECH\IMAGENS\77400424PDM001B.JPG;01
0003151;77400524;\RECH\IMAGENS\77400524PDM001B.JPG;01
0003152;77401474;\RECH\IMAGENS\77401474N01B.JPG;01
0003153;77401494;\RECH\IMAGENS\77401494N01B.JPG;01
0003154;25650190;\RECH\IMAGENS\25650190PDM001B.JPG;01
0003155;25651190;\RECH\IMAGENS\25651190PDM001B.JPG;01
0003156;25652190;\RECH\IMAGENS\25652190PDM001B.JPG;01
0003157;25653190;\RECH\IMAGENS\25653190PDM001B.JPG;01
0003158;25654190;\RECH\IMAGENS\25654190PDM001A.JPG;01
