0002376;43240022;\RECH\IMAGENS\43240022_13061416551808830015210.JPG;01
0002379;43242016;\RECH\IMAGENS\43242016PDM001B.JPG;01
0002381;43242020;\RECH\IMAGENS\43242020_13061318402598911015210.JPG;01
0002382;43242022;\RECH\IMAGENS\43242022_13061318402596286015210.JPG;01
0002385;43200016;\RECH\IMAGENS\43200016N01B.JPG;01
0002386;43200018;\RECH\IMAGENS\43200018PDM001B.JPG;01
0002390;43202016;\RECH\IMAGENS\43202016N01B.JPG;01
0002395;43204016;\RECH\IMAGENS\43204016N01B.JPG;01
0002395;43204016;\RECH\IMAGENS\43204016PDM001B.JPG;02
0002405;43280012;\RECH\IMAGENS\43280012N01B.JPG;01
0002405;43280012;\RECH\IMAGENS\43280012PDM001B.JPG;02
0002408;43285014;\RECH\IMAGENS\43285014PDM001B.JPG;01
0002409;43336504;\RECH\IMAGENS\43336504PDM001B.JPG;01
0002419;77257754;\RECH\IMAGENS\77257754N01B.JPG;01
0002421;77303543;\RECH\IMAGENS\77303543PDM001B.JPG;01
0002423;77400324;\RECH\IMAGENS\77400324PDM001B.JPG;01
0002424;77408334;\RECH\IMAGENS\77408334N01B.JPG;01
0002426;77360065;\RECH\IMAGENS\77360065PDM001B.JPG;01
0002428;77360085;\RECH\IMAGENS\77360085PDM001B.JPG;01
0002431;77692005;\RECH\IMAGENS\77692005PDM001B.JPG;01
0002432;12000042;\RECH\IMAGENS\12000042N01B.JPG;01
0002434;64400050;\RECH\IMAGENS\64400050N01B.JPG;01
0002438;64470800;\RECH\IMAGENS\64470800N01B.JPG;01
0002439;42241206;\RECH\IMAGENS\42241206PDM001B.JPG;01
0002440;42241208;\RECH\IMAGENS\42241108PDM001B.JPG;01
0002442;42241212;\RECH\IMAGENS\42241212_13061416551194320015210.JPG;01
0002445;42241108;\RECH\IMAGENS\42241108PDM001B.JPG;01
0002446;57400001;\RECH\IMAGENS\57400001PDM001B.JPG;01
0002447;57400003;\RECH\IMAGENS\57400003PDM001B.JPG;01
0002448;57400010;\RECH\IMAGENS\57400010PDM001B.JPG;01
0002449;57400020;\RECH\IMAGENS\57400020PDM001B.JPG;01
0002450;57400050;\RECH\IMAGENS\57400050PDM001B.JPG;01
0002451;57401001;\RECH\IMAGENS\57401001N01B.JPG;01
0002452;57401005;\RECH\IMAGENS\57401005N01B.JPG;01
0002453;57401051;\RECH\IMAGENS\57401051PDM001B.JPG;01
0002454;57550011;\RECH\IMAGENS\57550011PDM001B.JPG;01
0002458;56120001;\RECH\IMAGENS\56120001PDM001B.JPG;01
0002459;61059060;\RECH\IMAGENS\61059060PDM001B.JPG;01
0002461;23367450;\RECH\IMAGENS\23367450PDM001B.JPG;01
0002462;23367440;\RECH\IMAGENS\23367440PDM001B.JPG;01
0002463;23367430;\RECH\IMAGENS\23367430PDM001B.JPG;01
0002464;23367420;\RECH\IMAGENS\23367420PDM001B.JPG;01
0002465;23367410;\RECH\IMAGENS\23367410PDM001B.JPG;01
0002468;10227060;\RECH\IMAGENS\10227060E01B.JPG;01
0002468;10227060;\RECH\IMAGENS\10227060N01B.JPG;02
0002496;40482000;\RECH\IMAGENS\40482000PDM001B.JPG;01
0002497;40483000;\RECH\IMAGENS\40483000PDM001B.JPG;01
0002498;40484000;\RECH\IMAGENS\40484000PDM001B.JPG;01
0002499;40485000;\RECH\IMAGENS\40485000PDM001B.JPG;01
0002500;40486000;\RECH\IMAGENS\40486000PDM001B.JPG;01
0002501;43411013;\RECH\IMAGENS\43411013N01B.JPG;01
0002521;20525022;\RECH\IMAGENS\20525016N01B.JPG;01
0002522;20530022;\RECH\IMAGENS\20530016N01B.JPG;01
0002523;20530024;\RECH\IMAGENS\20530016N01B.JPG;01
0002524;23363430;\RECH\IMAGENS\23363430PDM001B.JPG;01
0002525;23363420;\RECH\IMAGENS\23363420PDM001B.JPG;01
0002526;25750000;\RECH\IMAGENS\25750000PDM001B (2).BMP;01
0002528;10494360;\RECH\IMAGENS\10494360IXM001B.JPG;01
0002528;10494360;\RECH\IMAGENS\10494360PDM001B.JPG;02
0002529;66906774;\RECH\IMAGENS\66906770IXM001B.JPG;01
0002531;20630016;\RECH\IMAGENS\20630016N01B.JPG;01
0002536;23363410;\RECH\IMAGENS\23363410PDM001B.JPG;01
0002539;26620018;\RECH\IMAGENS\26620018_13061318573255406015210.JPG;01
0002540;77910001;\RECH\IMAGENS\77910001N01B.JPG;01
0002540;77910001;\RECH\IMAGENS\77910001PDM001B.JPG;02
0002541;78798234;\RECH\IMAGENS\78798234PDM001B.JPG;01
0002542;77101644;\RECH\IMAGENS\77101644PDM001B.JPG;01
0002543;94010203;\RECH\IMAGENS\94010203PDM001B.JPG;01
0002544;94022202;\RECH\IMAGENS\94022202PDM001B.JPG;01
0002548;20599004;\RECH\IMAGENS\20599004N01B.JPG;01
0002556;21199738;\RECH\IMAGENS\21199738N01B.JPG;01
0002556;21199738;\RECH\IMAGENS\21199738PDM001B.JPG;02
0002560;21105470;\RECH\IMAGENS\21105470_13080717275693574015210.JPG;01
0002561;57400801;\RECH\IMAGENS\57400801N01B.JPG;01
0002563;57400803;\RECH\IMAGENS\57400803N01B.JPG;01
0002564;57400810;\RECH\IMAGENS\57400810N01B.JPG;01
0002567;57400820;\RECH\IMAGENS\57400820N01B.JPG;01
0002568;57410917;\RECH\IMAGENS\57410917N01B.JPG;01
0002569;57400850;\RECH\IMAGENS\57400850N01B.JPG;01
0002570;57401800;\RECH\IMAGENS\57401800N01B.JPG;01
0002571;57401801;\RECH\IMAGENS\57401801N01B.JPG;01
0002572;57401805;\RECH\IMAGENS\57401805N01B.JPG;01
0002573;57401815;\RECH\IMAGENS\57401815N01B.JPG;01
0002574;57401851;\RECH\IMAGENS\57401851N01B.JPG;01
0002575;57401865;\RECH\IMAGENS\57401865N01B.JPG;01
0002576;57550800;\RECH\IMAGENS\57550800N01B.JPG;01
0002582;23362420;\RECH\IMAGENS\23362420PDM001B.JPG;01
0002585;24646087;\RECH\IMAGENS\24646087PDM001B.JPG;01
0002586;57110001;\RECH\IMAGENS\57110001PDM001B.JPG;01
0002587;57110030;\RECH\IMAGENS\57110030PDM001B.JPG;01
0002589;57110045;\RECH\IMAGENS\57110045PDM001B.JPG;01
0002590;57110031;\RECH\IMAGENS\57110031N01B.JPG;01
0002591;57110026;\RECH\IMAGENS\57110026PDM001B.JPG;01
0002592;57110025;\RECH\IMAGENS\57110025PDM001B.JPG;01
0002593;57110027;\RECH\IMAGENS\57110027PDM001B.JPG;01
0002594;57110040;\RECH\IMAGENS\57110040N01B.JPG;01
0002594;57110040;\RECH\IMAGENS\57110040PDM001B.JPG;02
0002595;57110041;\RECH\IMAGENS\57110041N01B.JPG;01
0002595;57110041;\RECH\IMAGENS\57110041PDM001B.JPG;02
0002596;57110060;\RECH\IMAGENS\57110060PDM001B.JPG;01
0002597;57110051;\RECH\IMAGENS\57110051PDM001B.JPG;01
0002599;57110053;\RECH\IMAGENS\57110053PDM001B.JPG;01
0002600;23360455;\RECH\IMAGENS\23360455PDM001B.JPG;01
0002601;23360445;\RECH\IMAGENS\23360445PDM001B.JPG;01
0002603;23360425;\RECH\IMAGENS\23360425_13061411375795136015210.JPG;01
0002604;20499703;\RECH\IMAGENS\20499703PDM001B.JPG;01
0002606;56121011;\RECH\IMAGENS\56121011N01B.JPG;01
0002606;56121011;\RECH\IMAGENS\56121011PDM001B.JPG;02
0002607;56121002;\RECH\IMAGENS\56121002PDM001B.JPG;01
0002608;10030070;\RECH\IMAGENS\10030070PDM001B.JPG;01
0002609;10034060;\RECH\IMAGENS\10034060N01B.JPG;01
0002610;57550021;\RECH\IMAGENS\57550021N01B.JPG;01
0002627;57110011;\RECH\IMAGENS\57110011PDM001B.JPG;01
0002629;57110004;\RECH\IMAGENS\57110004PDM001B.JPG;01
0002630;57110033;\RECH\IMAGENS\57110033N01B.JPG;01
0002631;26330190;\RECH\IMAGENS\26330190PDM001B.JPG;01
0002635;57110065;\RECH\IMAGENS\57110065N01B.JPG;01
0002635;57110065;\RECH\IMAGENS\57110065PDM001B.JPG;02
0002636;21199903;\RECH\IMAGENS\21199903PDM001B.JPG;01
0002637;57110070;\RECH\IMAGENS\57110070PDM001B.JPG;01
0002639;57110090;\RECH\IMAGENS\57110090PDM001B.JPG;01
0002640;57110091;\RECH\IMAGENS\57110091PDM001B.JPG;01
0002658;41400010;\RECH\IMAGENS\41400010PDM001B.JPG;01
0002679;41402001;\RECH\IMAGENS\41402001PDM001B.JPG;01
0002681;41405010;\RECH\IMAGENS\41405010PDM001B.JPG;01
0002688;41407001;\RECH\IMAGENS\41407001PDM001B.JPG;01
0002690;41500010;\RECH\IMAGENS\41500010PDM001B.JPG;01
0002692;41500012;\RECH\IMAGENS\41500012_13061318443879498015210.JPG;01
0002693;41500013;\RECH\IMAGENS\41500013_13061318443877700015210.JPG;01
0002694;41500020;\RECH\IMAGENS\41500020_13061318443875896015210.JPG;01
0002695;41500021;\RECH\IMAGENS\41500021_13061318443874117015210.JPG;01
0002701;41500033;\RECH\IMAGENS\41500033_13061318443872291015210.JPG;01
0002707;41500044;\RECH\IMAGENS\41500044_13061318443870488015210.JPG;01
0002710;41500051;\RECH\IMAGENS\41500051_13061318443868688015210.JPG;01
0002712;41500053;\RECH\IMAGENS\41500053_13061318443866890015210.JPG;01
0002713;94030202;\RECH\IMAGENS\94030202PDM001B1.JPG;01
0002715;41505010;\RECH\IMAGENS\41505010PDM001B.JPG;01
0002716;41505011;\RECH\IMAGENS\41505011_13061318443856443015210.JPG;01
0002718;41505021;\RECH\IMAGENS\41505021_13061318443854877015210.JPG;01
0002721;41505031;\RECH\IMAGENS\41505031_13061318443852075015210.JPG;01
0002723;41505040;\RECH\IMAGENS\41505040_13061416551205605015210.JPG;01
0002724;41505050;\RECH\IMAGENS\41505050_13061416551203866015210.JPG;01
0002725;41502001;\RECH\IMAGENS\41502001PDM001B.JPG;01
0002726;92350010;\RECH\IMAGENS\92350010PDM001B.JPG;01
0002727;41507001;\RECH\IMAGENS\41507001PDM001B.JPG;01
0002729;41508013;\RECH\IMAGENS\41508013PDM001B.JPG;01
0002732;41509013;\RECH\IMAGENS\41509013PDM001B.JPG;01
0002734;41990000;\RECH\IMAGENS\41990000PDM001B.JPG;01
0002738;41600013;\RECH\IMAGENS\41600013.JPG;01
0002739;41600020;\RECH\IMAGENS\41600020.JPG;01
0002757;41602001;\RECH\IMAGENS\41602001N01B.JPG;01
0002758;41602002;\RECH\IMAGENS\41602002.JPG;01
0002769;41607001;\RECH\IMAGENS\41607001N01B.JPG;01
0002772;43335001;\RECH\IMAGENS\43335001PDM001B.JPG;01
0002773;43335002;\RECH\IMAGENS\43335002.JPG;01
0002774;43335003;\RECH\IMAGENS\43335003.JPG;01
0002775;43335004;\RECH\IMAGENS\43335004.JPG;01
0002776;43335005;\RECH\IMAGENS\43335004.JPG;01
0002777;43335006;\RECH\IMAGENS\43335004.JPG;01
0002778;43335007;\RECH\IMAGENS\43335004.JPG;01
0002779;43335008;\RECH\IMAGENS\43335004.JPG;01
0002780;43335009;\RECH\IMAGENS\43335004.JPG;01
0002789;43370302;\RECH\IMAGENS\43370302N01B.JPG;01
0002789;43370302;\RECH\IMAGENS\43370302PDM001B.JPG;02
0002796;43352003;\RECH\IMAGENS\43352003PDM001B.JPG;01
0002798;22299046;\RECH\IMAGENS\22299046PDM001B.JPG;01
0002799;25680103;\RECH\IMAGENS\25680103_13082818504451864015210.JPG;01
0002804;21199949;\RECH\IMAGENS\21199949EBM001B.JPG;01
0002804;21199949;\RECH\IMAGENS\21199949IXM001B.JPG;02
0002804;21199949;\RECH\IMAGENS\21199949IXM002B.JPG;03
0002804;21199949;\RECH\IMAGENS\21199949PDM001B.JPG;04
0002805;26670002;\RECH\IMAGENS\26670002N01B.JPG;01
0002811;26675002;\RECH\IMAGENS\26675002N01B.JPG;01
0002817;26600010;\RECH\IMAGENS\26600010N01B.JPG;01
0002817;26600010;\RECH\IMAGENS\26600010PDM001B.JPG;02
0002821;26600112;\RECH\IMAGENS\26600112PDM001B.JPG;01
0002822;26600114;\RECH\IMAGENS\26600112PDM001B.JPG;01
0002823;26600116;\RECH\IMAGENS\26600010N01B.JPG;01
0002824;26601018;\RECH\IMAGENS\26601018PDM001B.JPG;01
0002826;26620010;\RECH\IMAGENS\26620010PDM001B.JPG;01
0002829;26620016;\RECH\IMAGENS\26620016_13061318573257216015210.JPG;01
0002831;26603014;\RECH\IMAGENS\26603014PDM001B.JPG;01
0002835;26621018;\RECH\IMAGENS\26621018PDM001B.JPG;01
0002838;26622020;\RECH\IMAGENS\26622020_13061318573253639015210.JPG;01
0002840;26650011;\RECH\IMAGENS\26650011PDM001B.JPG;01
0002842;26651013;\RECH\IMAGENS\26651013PDM001B.JPG;01
0002843;26652012;\RECH\IMAGENS\26652012PDM001B.JPG;01
0002845;26653010;\RECH\IMAGENS\26653010PDM001B.JPG;01
0002848;26654015;\RECH\IMAGENS\26654015N01B.JPG;01
0002850;77100124;\RECH\IMAGENS\77100124PDM001B.JPG;01
0002855;77100644;\RECH\IMAGENS\77100644PDM001B.JPG;01
0002858;77101124;\RECH\IMAGENS\77101124PDM001B.JPG;01
0002861;77101624;\RECH\IMAGENS\77101624N01B.JPG;01
0002861;77101624;\RECH\IMAGENS\77101624PDM001B.JPG;02
0002862;77101664;\RECH\IMAGENS\77101664PDM001B.JPG;01
0002864;77102124;\RECH\IMAGENS\77102124N01B.JPG;01
0002864;77102124;\RECH\IMAGENS\77102124PDM001B.JPG;02
0002867;77103154;\RECH\IMAGENS\77103154PDM001B.JPG;01
0002869;77104644;\RECH\IMAGENS\77104644PDM001B.JPG;01
0002871;77117344;\RECH\IMAGENS\77117344N01B.JPG;01
