0001916;25012181;\RECH\IMAGENS\25012181N01B.JPG;01
0001919;25013180;\RECH\IMAGENS\25013180N01B.JPG;01
0001920;25021180;\RECH\IMAGENS\25021180N01B.JPG;01
0001921;25023180;\RECH\IMAGENS\25023180N01B.JPG;01
0001928;26499016;\RECH\IMAGENS\26499016N01B.JPG;01
0001929;26321174;\RECH\IMAGENS\26321174N01B.JPG;01
0001930;26320173;\RECH\IMAGENS\26320173N01B.JPG;01
0001935;26307103;\RECH\IMAGENS\26307103N01B.JPG;01
0001936;26300003;\RECH\IMAGENS\26300103PDM001B.JPG;01
0001937;26325103;\RECH\IMAGENS\26325103PDM001B.JPG;01
0001938;26301103;\RECH\IMAGENS\26301103PDM001B.JPG;01
0001939;26312103;\RECH\IMAGENS\26312103N01B.JPG;01
0001941;26315104;\RECH\IMAGENS\26315104N01B.JPG;01
0001942;26316104;\RECH\IMAGENS\26316104N01B.JPG;01
0001956;26499004;\RECH\IMAGENS\26499004N01B.JPG;01
0001957;26499005;\RECH\IMAGENS\26499005EBM001B.JPG;01
0001957;26499005;\RECH\IMAGENS\26499005IXM001B.JPG;02
0001957;26499005;\RECH\IMAGENS\26499005PDM001B.JPG;03
0001959;26499001;\RECH\IMAGENS\26499001N01B.JPG;01
0001960;26499002;\RECH\IMAGENS\26499002N01B.JPG;01
0001961;26499003;\RECH\IMAGENS\26499003_13031615132056177015210.JPG;01
0001962;26499010;\RECH\IMAGENS\26499010N01B.JPG;01
0001964;26499007;\RECH\IMAGENS\26499007N01B.JPG;01
0001965;26301003;\RECH\IMAGENS\26301103PDM001B.JPG;01
0001968;26331130;\RECH\IMAGENS\26331130PDM001B.JPG;01
0001969;26010105;\RECH\IMAGENS\26010105PDM001B (2).JPG;01
0001969;26010105;\RECH\IMAGENS\26010105PDM001B.JPG;02
0001970;26011105;\RECH\IMAGENS\26011105PDM001B (2).JPG;01
0001970;26011105;\RECH\IMAGENS\26011105PDM001B.JPG;02
0001971;26013108;\RECH\IMAGENS\26013108N01B.JPG;01
0001972;26001106;\RECH\IMAGENS\26001106N01B.JPG;01
0001975;26002105;\RECH\IMAGENS\26002105N01B.JPG;01
0001975;26002105;\RECH\IMAGENS\26002105PDM001B.JPG;02
0001978;26050105;\RECH\IMAGENS\26050105PDM001B (2).JPG;01
0001978;26050105;\RECH\IMAGENS\26050105PDM001B.JPG;02
0001979;26042107;\RECH\IMAGENS\26042107N01B.JPG;01
0001980;26041106;\RECH\IMAGENS\26041106N01B.JPG;01
0001981;26031107;\RECH\IMAGENS\26031107N01B.JPG;01
0001988;26120170;\RECH\IMAGENS\26120170PDM001B.JPG;01
0001990;26110175;\RECH\IMAGENS\26110175PDM001B.JPG;01
0001991;26131028;\RECH\IMAGENS\26131028N01B.JPG;01
0001992;26130029;\RECH\IMAGENS\26130029N01B.JPG;01
0001993;26132028;\RECH\IMAGENS\26132028N01B.JPG;01
0001994;26134008;\RECH\IMAGENS\26134008N01B.JPG;01
0001995;26133009;\RECH\IMAGENS\26133009N01B.JPG;01
0001996;26135008;\RECH\IMAGENS\26135008N01B.JPG;01
0001997;26112078;\RECH\IMAGENS\26112078N01B.JPG;01
0001998;26113078;\RECH\IMAGENS\26113078N01B.JPG;01
0001999;26125040;\RECH\IMAGENS\26125040N01B.JPG;01
0002000;26137078;\RECH\IMAGENS\26137078N01B.JPG;01
0002001;26136049;\RECH\IMAGENS\26136049N01B.JPG;01
0002002;26138028;\RECH\IMAGENS\26138028N01B.JPG;01
0002006;26108100;\RECH\IMAGENS\26108100N01B.JPG;01
0002008;26099001;\RECH\IMAGENS\26099001N01B.JPG;01
0002009;25904105;\RECH\IMAGENS\25904105PDM001B.JPG;01
0002010;25905106;\RECH\IMAGENS\25905106PDM001B.JPG;01
0002011;25907105;\RECH\IMAGENS\25907105PDM001B.JPG;01
0002012;25909107;\RECH\IMAGENS\25909107PDM001B.JPG;01
0002013;25912107;\RECH\IMAGENS\25912107PDM001B.JPG;01
0002014;25922108;\RECH\IMAGENS\25922108PDM001B.JPG;01
0002015;25999001;\RECH\IMAGENS\25999001N01B.JPG;01
0002016;25999002;\RECH\IMAGENS\25999002N01B.JPG;01
0002017;44630001;\RECH\IMAGENS\44630001PDM001B.JPG;01
0002022;10690071;\RECH\IMAGENS\10690071N01B.JPG;01
0002023;10672071;\RECH\IMAGENS\10672071N01B.JPG;01
0002024;10670071;\RECH\IMAGENS\10670071N01B.JPG;01
0002026;10664071;\RECH\IMAGENS\10664071N01B.JPG;01
0002027;10662071;\RECH\IMAGENS\10662071N01B.JPG;01
0002028;10660071;\RECH\IMAGENS\10660071N01B.JPG;01
0002029;22258105;\RECH\IMAGENS\22258105PDM001B.JPG;01
0002030;22251103;\RECH\IMAGENS\22251103PDM001B.JPG;01
0002031;33890002;\RECH\IMAGENS\33890002N01B.JPG;01
0002032;33890003;\RECH\IMAGENS\33890003PDM001B.JPG;01
0002033;33890004;\RECH\IMAGENS\33890004PDM001B.JPG;01
0002034;33890005;\RECH\IMAGENS\33890005PDM001B.JPG;01
0002035;33890006;\RECH\IMAGENS\33890006PDM001B.JPG;01
0002036;33890007;\RECH\IMAGENS\33890007PDM001B.JPG;01
0002037;33890008;\RECH\IMAGENS\33890008PDM001B.JPG;01
0002040;40200018;\RECH\IMAGENS\40200018PDM001B.JPG;01
0002041;40200020;\RECH\IMAGENS\40200020_13061318573251763015210.JPG;01
0002043;40200025;\RECH\IMAGENS\40200018PDM001B.JPG;01
0002044;40200027;\RECH\IMAGENS\40200027_13061318573247718015210.JPG;01
0002046;40700027;\RECH\IMAGENS\40700027PDM001B.JPG;01
0002047;40300018;\RECH\IMAGENS\40300018PDM001B.JPG;01
0002051;40300027;\RECH\IMAGENS\40300027_13061318573244110015210.JPG;01
0002053;40351000;\RECH\IMAGENS\40351000PDM001B.JPG;01
0002058;40440005;\RECH\IMAGENS\40440005PDM001B.JPG;01
0002060;40440007;\RECH\IMAGENS\40440007.JPG;01
0002061;40440008;\RECH\IMAGENS\40440008_13061318443895359015210.JPG;01
0002066;40400004;\RECH\IMAGENS\40400004PDM001B.JPG;01
0002067;40400008;\RECH\IMAGENS\40400008_13061318573242263015210.JPG;01
0002068;40400012;\RECH\IMAGENS\40400012_13061318573240466015210.JPG;01
0002069;40400016;\RECH\IMAGENS\40400016_13061318443899735015210.JPG;01
0002070;40400020;\RECH\IMAGENS\40400020.JPG;01
0002072;40400032;\RECH\IMAGENS\40400032_13061318443897567015210.JPG;01
0002074;40715016;\RECH\IMAGENS\40715016PDM001B.JPG;01
0002077;40450000;\RECH\IMAGENS\40450000PDM001B.JPG;01
0002078;40456018;\RECH\IMAGENS\40456018PDM001B.JPG;01
0002080;40458000;\RECH\IMAGENS\40458000PDM001B.JPG;01
0002081;40460000;\RECH\IMAGENS\40460000PDM001B.JPG;01
0002082;40670030;\RECH\IMAGENS\40670030N01B.JPG;01
0002086;40680060;\RECH\IMAGENS\40680060PDM001B.JPG;01
0002088;40690050;\RECH\IMAGENS\40690050PDM001B.JPG;01
0002089;40560001;\RECH\IMAGENS\40560001PDM001B.JPG;01
0002090;40561000;\RECH\IMAGENS\40561000PDM001B.JPG;01
0002091;40562001;\RECH\IMAGENS\40562001PDM001B.JPG;01
0002094;40430000;\RECH\IMAGENS\40430000PDM001B.JPG;01
0002095;40455000;\RECH\IMAGENS\40455000PDM001B.JPG;01
0002096;40500001;\RECH\IMAGENS\40500001_13061318443891899015210.JPG;01
0002097;40500002;\RECH\IMAGENS\40500002PDM001B.JPG;01
0002098;40500003;\RECH\IMAGENS\40500003.JPG;01
0002099;40500004;\RECH\IMAGENS\40500004.JPG;01
0002101;92352010;\RECH\IMAGENS\92352010N01B.JPG;01
0002102;40471000;\RECH\IMAGENS\40471000PDM001B.JPG;01
0002103;40472000;\RECH\IMAGENS\40472000PDM001B.JPG;01
0002104;40473000;\RECH\IMAGENS\40473000PDM001B.JPG;01
0002105;40474000;\RECH\IMAGENS\40474000PDM001B.JPG;01
0002106;40481000;\RECH\IMAGENS\40481000PDM001B.JPG;01
0002108;41065009;\RECH\IMAGENS\41065009N01B.JPG;01
0002110;41066010;\RECH\IMAGENS\41066010N01B.JPG;01
0002111;44014010;\RECH\IMAGENS\44014010N01B.JPG;01
0002112;44012010;\RECH\IMAGENS\44012010N01B.JPG;01
0002113;41050006;\RECH\IMAGENS\41050006N01B.JPG;01
0002116;41053010;\RECH\IMAGENS\41053010N01B.JPG;01
0002119;41054010;\RECH\IMAGENS\41054010N01B.JPG;01
0002119;41054010;\RECH\IMAGENS\41054010PDM001B.JPG;02
0002120;41054012;\RECH\IMAGENS\41054012_13061318443881673015210.JPG;01
0002122;41068008;\RECH\IMAGENS\41068008N01B.JPG;01
0002123;41069000;\RECH\IMAGENS\41069000N01B.JPG;01
0002124;41000006;\RECH\IMAGENS\41000006N01B.JPG;01
0002127;41001006;\RECH\IMAGENS\41001006N01B.JPG;01
0002127;41001006;\RECH\IMAGENS\41001006PDM001B.JPG;02
0002128;20520016;\RECH\IMAGENS\20520016N01B.JPG;01
0002128;20520016;\RECH\IMAGENS\20520016PDM001B.JPG;02
0002129;20520018;\RECH\IMAGENS\20520016N01B.JPG;01
0002130;20520022;\RECH\IMAGENS\20520016N01B.JPG;01
0002131;20520024;\RECH\IMAGENS\20520016N01B.JPG;01
0002132;20525018;\RECH\IMAGENS\20525016N01B.JPG;01
0002133;20530018;\RECH\IMAGENS\20530016N01B.JPG;01
0002135;44024110;\RECH\IMAGENS\44024110PDM001B.JPG;01
0002136;44024010;\RECH\IMAGENS\44024010N01B.JPG;01
0002139;41005006;\RECH\IMAGENS\41005006N01B.JPG;01
0002140;41006006;\RECH\IMAGENS\41006006N01B.JPG;01
0002142;41008006;\RECH\IMAGENS\41008006N01B.JPG;01
0002144;41010006;\RECH\IMAGENS\41010006N01B.JPG;01
0002146;41012016;\RECH\IMAGENS\41012016N01B.JPG;01
0002146;41012016;\RECH\IMAGENS\41012016PDM001B.JPG;02
0002177;92256990;\RECH\IMAGENS\92256990N01B.JPG;01
0002178;62646360;\RECH\IMAGENS\62645400PDM001B.JPG;01
0002180;21399455;\RECH\IMAGENS\21399455PDM001B.JPG;01
0002180;21399455;\RECH\IMAGENS\21399455IXM001B.JPG;02
0002185;56120021;\RECH\IMAGENS\56120021PDM001B.JPG;01
0002194;56121007;\RECH\IMAGENS\56121007N01B.JPG;01
0002194;56121007;\RECH\IMAGENS\56121007PDM001B.JPG;02
0002195;56121006;\RECH\IMAGENS\56121006N01B.JPG;01
0002195;56121006;\RECH\IMAGENS\56121006PDM001B.JPG;02
0002197;57410919;\RECH\IMAGENS\57410919N01B.JPG;01
0002198;57410909;\RECH\IMAGENS\57410909N01B.JPG;01
0002199;57410906;\RECH\IMAGENS\57410906N01B.JPG;01
0002200;57410908;\RECH\IMAGENS\57410908PDM001B.JPG;01
0002201;92254010;\RECH\IMAGENS\92254010PDM001B.JPG;01
0002202;57410901;\RECH\IMAGENS\57410901N01B.JPG;01
0002203;92255010;\RECH\IMAGENS\92255010PDM001B.JPG;01
0002204;57410920;\RECH\IMAGENS\57410920N01B.JPG;01
0002205;41900010;\RECH\IMAGENS\41900010PDM001B.JPG;01
0002206;42005000;\RECH\IMAGENS\42005000PDM001B.JPG;01
0002214;42006001;\RECH\IMAGENS\42006001PDM001B.JPG;01
0002218;42006005;\RECH\IMAGENS\42006005.JPG;01
0002226;42026001;\RECH\IMAGENS\42026001PDM001B.JPG;01
0002238;42025001;\RECH\IMAGENS\42025001PDM001B.JPG;01
0002240;42246006;\RECH\IMAGENS\42246006PDM001B.JPG;01
0002241;42246007;\RECH\IMAGENS\42246007.JPG;01
0002265;42245000;\RECH\IMAGENS\42245000PDM001B.JPG;01
0002270;42245005;\RECH\IMAGENS\42245005.JPG;01
0002285;42000208;\RECH\IMAGENS\42000208N01B.JPG;01
0002285;42000208;\RECH\IMAGENS\42000208PDM001B.JPG;02
0002286;42001206;\RECH\IMAGENS\42001206PDM001B.JPG;01
0002289;42001108;\RECH\IMAGENS\42001108N01B.JPG;01
0002289;42001108;\RECH\IMAGENS\42001108PDM001B.JPG;02
0002292;42021208;\RECH\IMAGENS\42021208N01B.JPG;01
0002292;42021208;\RECH\IMAGENS\42021208PDM001B.JPG;02
0002304;42805008;\RECH\IMAGENS\42805008N01B.JPG;01
0002304;42805008;\RECH\IMAGENS\42805008PDM001B.JPG;02
0002316;42830017;\RECH\IMAGENS\42830017PDM001B.JPG;01
0002318;42860001;\RECH\IMAGENS\42860001PDM001B.JPG;01
0002320;43100014;\RECH\IMAGENS\43100014_13061416551191157015210.JPG;01
0002321;43100018;\RECH\IMAGENS\43100018PDM001B.JPG;01
0002323;43120012;\RECH\IMAGENS\43120012PDM001B.JPG;01
0002325;43120018;\RECH\IMAGENS\43120018PDM001B.JPG;01
0002327;43130003;\RECH\IMAGENS\43130003N01B.JPG;01
0002337;43121000;\RECH\IMAGENS\43121000PDM001B.JPG;01
0002338;43170010;\RECH\IMAGENS\43170010PDM001B.JPG;01
0002340;43180001;\RECH\IMAGENS\43180001PDM001B.JPG;01
0002341;43180501;\RECH\IMAGENS\43180501_13061416551812715015210.JPG;01
0002342;43150303;\RECH\IMAGENS\43150303N01B.JPG;01
0002345;43330001;\RECH\IMAGENS\43330001PDM001B.JPG;01
0002370;43301012;\RECH\IMAGENS\43301012PDM001B.JPG;01
0002373;43240016;\RECH\IMAGENS\43240016PDM001B.JPG;01
0002374;43240018;\RECH\IMAGENS\43240016PDM001B.JPG;01
0002375;43240020;\RECH\IMAGENS\43240020_13061416551806527015210.JPG;01
