0000559;61106000;\RECH\IMAGENS\61106000PDM001B.JPG;01
0000561;61108000;\RECH\IMAGENS\61108000PDM001B.JPG;01
0000562;61110000;\RECH\IMAGENS\61110000PDM001B.JPG;01
0000563;63800600;\RECH\IMAGENS\63800600PDM001B.JPG;01
0000564;63800610;\RECH\IMAGENS\63800610PDM001B.JPG;01
0000565;63800620;\RECH\IMAGENS\63800620N01B.JPG;01
0000565;63800620;\RECH\IMAGENS\63800620PDM001B.JPG;02
0000566;63800630;\RECH\IMAGENS\63800630N01B.JPG;01
0000567;63800640;\RECH\IMAGENS\63800640PDM001B.JPG;01
0000571;64400010;\RECH\IMAGENS\64400010N01B.JPG;01
0000573;64490000;\RECH\IMAGENS\64490000PDM001B.JPG;01
0000574;64490010;\RECH\IMAGENS\64490010N01B.JPG;01
0000575;64380010;\RECH\IMAGENS\64380010N01B.JPG;01
0000576;64260000;\RECH\IMAGENS\64260000PDM001B.JPG;01
0000577;64260500;\RECH\IMAGENS\64260500N01B.JPG;01
0000578;64260300;\RECH\IMAGENS\64260300PDM001B.JPG;01
0000578;64260300;\RECH\IMAGENS\64260300PRM001B.JPG;02
0000579;64360020;\RECH\IMAGENS\64360020N01B.JPG;01
0000581;64360030;\RECH\IMAGENS\64360030N01B.JPG;01
0000582;64360010;\RECH\IMAGENS\64360010N01B.JPG;01
0000583;64400300;\RECH\IMAGENS\64400300IXM001B.JPG;01
0000584;64400510;\RECH\IMAGENS\64400510.JPG;01
0000585;64490300;\RECH\IMAGENS\64490300PDM001B.JPG;01
0000586;64400200;\RECH\IMAGENS\64400200N01B.JPG;01
0000587;64210900;\RECH\IMAGENS\64210900PDM001B.JPG;01
0000588;64450210;\RECH\IMAGENS\64450210N01B.JPG;01
0000589;64450200;\RECH\IMAGENS\64450200N01B.JPG;01
0000590;64400410;\RECH\IMAGENS\64400410N01B.JPG;01
0000591;64360100;\RECH\IMAGENS\64360100N01B.JPG;01
0000592;64330700;\RECH\IMAGENS\64330700N01B.JPG;01
0000593;64360300;\RECH\IMAGENS\64360300N01B.JPG;01
0000594;64490600;\RECH\IMAGENS\64490600N01A.JPG;01
0000594;64490600;\RECH\IMAGENS\64490600N01B.JPG;02
0000595;64350900;\RECH\IMAGENS\64350900N01B.JPG;01
0000597;64400900;\RECH\IMAGENS\64400900N01B.JPG;01
0000598;64490700;\RECH\IMAGENS\64490700N01B.JPG;01
0000599;20056022;\RECH\IMAGENS\20056022PDM001B.JPG;01
0000600;66906880;\RECH\IMAGENS\66906880PDM001B.JPG;01
0000604;64300610;\RECH\IMAGENS\64300610N01B.JPG;01
0000605;64380500;\RECH\IMAGENS\64380500N01B.JPG;01
0000606;64380600;\RECH\IMAGENS\64380600N01B.JPG;01
0000608;64380710;\RECH\IMAGENS\64380710N01B.JPG;01
0000609;64380720;\RECH\IMAGENS\64380720N01B.JPG;01
0000610;64380730;\RECH\IMAGENS\64380730N01B.JPG;01
0000611;64430800;\RECH\IMAGENS\64430800IXM001B.JPG;01
0000612;64430820;\RECH\IMAGENS\64430820PDM001B.JPG;01
0000612;64430820;\RECH\IMAGENS\64430820IXM001B.JPG;02
0000613;64320100;\RECH\IMAGENS\64320100N01B.JPG;01
0000615;64320110;\RECH\IMAGENS\64320110N01B.JPG;01
0000616;64380120;\RECH\IMAGENS\64380120N01B.JPG;01
0000617;64380200;\RECH\IMAGENS\64380200N01B.JPG;01
0000618;64380620;\RECH\IMAGENS\64380620N01B.JPG;01
0000619;64380130;\RECH\IMAGENS\64380130N01B.JPG;01
0000620;64380140;\RECH\IMAGENS\64380140N01B.JPG;01
0000621;66811700;\RECH\IMAGENS\66811700N01B.JPG;01
0000623;64260010;\RECH\IMAGENS\64260010N01B.JPG;01
0000624;63811091;\RECH\IMAGENS\63811091N01B.JPG;01
0000625;63811221;\RECH\IMAGENS\63811221N01B.JPG;01
0000626;63811471;\RECH\IMAGENS\63811471N01B.JPG;01
0000627;63811391;\RECH\IMAGENS\63811391N01B.JPG;01
0000628;63811101;\RECH\IMAGENS\63811101N01B.JPG;01
0000629;63811191;\RECH\IMAGENS\63811191N01B.JPG;01
0000630;62500200;\RECH\IMAGENS\62500200PDM001B.JPG;01
0000631;62500280;\RECH\IMAGENS\62500280.JPG;01
0000632;62501140;\RECH\IMAGENS\62501140PDM001B.JPG;01
0000633;62501160;\RECH\IMAGENS\62501160.JPG;01
0000634;62501200;\RECH\IMAGENS\62501200.JPG;01
0000635;62501240;\RECH\IMAGENS\62501240.JPG;01
0000636;62504160;\RECH\IMAGENS\62504160PDM001B.JPG;01
0000637;62505200;\RECH\IMAGENS\62505200PDM001B.JPG;01
0000638;62510160;\RECH\IMAGENS\62510160IXM001B.JPG;01
0000639;62510200;\RECH\IMAGENS\62510200.JPG;01
0000640;62512140;\RECH\IMAGENS\62512140PDM001B.JPG;01
0000641;62514240;\RECH\IMAGENS\62514240.JPG;01
0000642;62550200;\RECH\IMAGENS\62550200N01B.JPG;01
0000645;62551140;\RECH\IMAGENS\62551140N01B.JPG;01
0000649;62553160;\RECH\IMAGENS\62553160N01B.JPG;01
0000653;62554160;\RECH\IMAGENS\62554160N01B.JPG;01
0000657;62555200;\RECH\IMAGENS\62555200N01B.JPG;01
0000660;62560160;\RECH\IMAGENS\62560160N01B.JPG;01
0000663;62562140;\RECH\IMAGENS\62562140N01B.JPG;01
0000664;62520200;\RECH\IMAGENS\62520200N01B.JPG;01
0000667;62521140;\RECH\IMAGENS\62521140N01B.JPG;01
0000670;62523160;\RECH\IMAGENS\62523160N01B.JPG;01
0000674;62524160;\RECH\IMAGENS\62524160N01B.JPG;01
0000678;62525200;\RECH\IMAGENS\62525200N01B.JPG;01
0000680;62530160;\RECH\IMAGENS\62530160N01B.JPG;01
0000684;62535340;\RECH\IMAGENS\62535340N01B.JPG;01
0000688;62881160;\RECH\IMAGENS\62881160PDM001B.JPG;01
0000694;62584160;\RECH\IMAGENS\62584160N01B.JPG;01
0000703;62601160;\RECH\IMAGENS\62601160N01B.JPG;01
0000706;62603200;\RECH\IMAGENS\62603200N01B.JPG;01
0000708;62604160;\RECH\IMAGENS\62604160N01B.JPG;01
0000711;62605200;\RECH\IMAGENS\62605200N01B.JPG;01
0000713;62620200;\RECH\IMAGENS\62620200N01B.JPG;01
0000717;62621160;\RECH\IMAGENS\62621160PDM001B.JPG;01
0000718;62621200;\RECH\IMAGENS\62621200.JPG;01
0000719;62621240;\RECH\IMAGENS\62621240.JPG;01
0000720;62623160;\RECH\IMAGENS\62623160PDM001B.JPG;01
0000721;62623200;\RECH\IMAGENS\62623200.JPG;01
0000722;62623240;\RECH\IMAGENS\62623240.JPG;01
0000723;62623280;\RECH\IMAGENS\62623280.JPG;01
0000724;62624160;\RECH\IMAGENS\62624160PDM001B.JPG;01
0000725;62624200;\RECH\IMAGENS\62624200.JPG;01
0000726;62624240;\RECH\IMAGENS\62624240.JPG;01
0000727;62624280;\RECH\IMAGENS\62624280.JPG;01
0000728;62625200;\RECH\IMAGENS\62625200PDM001B.JPG;01
0000729;62625240;\RECH\IMAGENS\62625240.JPG;01
0000730;62625280;\RECH\IMAGENS\62625280.JPG;01
0000731;62630160;\RECH\IMAGENS\62630160PDM001B.JPG;01
0000732;62630200;\RECH\IMAGENS\62630200.JPG;01
0000733;62630240;\RECH\IMAGENS\62630240.JPG;01
0000734;62634240;\RECH\IMAGENS\62634240.JPG;01
0000735;62643340;\RECH\IMAGENS\62643340N01B.JPG;01
0000736;62643400;\RECH\IMAGENS\62643400PDM001B(2).JPG;01
0000736;62643400;\RECH\IMAGENS\62643400PDM001B.JPG;02
0000738;62645340;\RECH\IMAGENS\62645340N01B.JPG;01
0000739;62645400;\RECH\IMAGENS\62645400N01B.JPG;01
0000739;62645400;\RECH\IMAGENS\62645400PDM001B(2).JPG;02
0000739;62645400;\RECH\IMAGENS\62645400PDM001B.JPG;03
0000741;65500400;\RECH\IMAGENS\65500400PDM001B.JPG;01
0000742;65500040;\RECH\IMAGENS\65500040PDM001B.JPG;01
0000743;65500300;\RECH\IMAGENS\65500300PDM001B.JPG;01
0000745;65550010;\RECH\IMAGENS\65550010N01B.JPG;01
0000746;65600000;\RECH\IMAGENS\65600000N01B.JPG;01
0000747;65580000;\RECH\IMAGENS\65580000N01B.JPG;01
0000749;65520010;\RECH\IMAGENS\65520010N01B.JPG;01
0000751;65620000;\RECH\IMAGENS\65620000PDM001B.JPG;01
0000753;65500520;\RECH\IMAGENS\65500520N01B.JPG;01
0000754;65580500;\RECH\IMAGENS\65580500N01B.JPG;01
0000755;65500500;\RECH\IMAGENS\65500500N01B.JPG;01
0000756;63906010;\RECH\IMAGENS\63906010PDM001B.JPG;01
0000757;63906020;\RECH\IMAGENS\63906020PDM001B.JPG;01
0000758;63906030;\RECH\IMAGENS\63906030PDM001B.JPG;01
0000759;63906040;\RECH\IMAGENS\63906040PDM001B.JPG;01
0000760;63906050;\RECH\IMAGENS\63906050PDM001B.JPG;01
0000761;63906060;\RECH\IMAGENS\63906060PDM001B.JPG;01
0000762;63906070;\RECH\IMAGENS\63906070PDM001B.JPG;01
0000763;63906080;\RECH\IMAGENS\63906080PDM001B.JPG;01
0000764;63906090;\RECH\IMAGENS\63906090PDM001B.JPG;01
0000765;63906100;\RECH\IMAGENS\63906100PDM001B.JPG;01
0000768;63906110;\RECH\IMAGENS\63906110PDM001B.JPG;01
0000770;63935120;\RECH\IMAGENS\63935120PDM001B.JPG;01
0000771;63906120;\RECH\IMAGENS\63906120PDM001B.JPG;01
0000774;63906140;\RECH\IMAGENS\63906140PDM001B.JPG;01
0000776;63906150;\RECH\IMAGENS\63906150PDM001B.JPG;01
0000779;63906190;\RECH\IMAGENS\63906190PDM001B.JPG;01
0000782;63906200;\RECH\IMAGENS\63906200PDM001B.JPG;01
0000785;63906210;\RECH\IMAGENS\63906210PDM001B.JPG;01
0000787;63906220;\RECH\IMAGENS\63906220PDM001B.JPG;01
0000788;44630101;\RECH\IMAGENS\44630101PDM001B.JPG;01
0000790;63906300;\RECH\IMAGENS\63906300PDM001B.JPG;01
0000791;66900010;\RECH\IMAGENS\66900010N01B.JPG;01
0000793;66906000;\RECH\IMAGENS\66906000PDM001B.JPG;01
0000794;66900000;\RECH\IMAGENS\66900000N01B.JPG;01
0000796;66906010;\RECH\IMAGENS\66906010PDM001B.JPG;01
0000797;66900020;\RECH\IMAGENS\66900020N01B.JPG;01
0000799;66906020;\RECH\IMAGENS\66906020PDM001B.JPG;01
0000800;66900030;\RECH\IMAGENS\66900030N01B.JPG;01
0000802;66906030;\RECH\IMAGENS\66906400N01B.JPG;01
0000802;66906030;\RECH\IMAGENS\66907030PDM001B.JPG;02
0000805;66906400;\RECH\IMAGENS\66906400N01B.JPG;01
0000810;66906011;\RECH\IMAGENS\66906011PDM001B.JPG;01
0000813;66906021;\RECH\IMAGENS\66906021PDM001B.JPG;01
0000816;66906031;\RECH\IMAGENS\66906031PDM001B.JPG;01
0000822;66906071;\RECH\IMAGENS\66906071PDM001B.JPG;01
0000825;66906081;\RECH\IMAGENS\66906081PDM001B.JPG;01
0000828;66906041;\RECH\IMAGENS\66906041PDM001B.JPG;01
0000831;66906051;\RECH\IMAGENS\66906051PDM001B.JPG;01
0000840;66906121;\RECH\IMAGENS\66906121PDM001B.JPG;01
0000843;66906111;\RECH\IMAGENS\66906111PDM001B.JPG;01
0000846;66906141;\RECH\IMAGENS\66906141PDM001B.JPG;01
0000849;66906201;\RECH\IMAGENS\66906201PDM001B.JPG;01
0000850;63940010;\RECH\IMAGENS\63940010.JPG;01
0000850;63940010;\RECH\IMAGENS\63940010IXM001B.JPG;02
0000850;63940010;\RECH\IMAGENS\63940010PDM001B.JPG;03
0000851;63965010;\RECH\IMAGENS\63965010PDM001B.JPG;01
0000852;63940020;\RECH\IMAGENS\63940020.JPG;01
0000852;63940020;\RECH\IMAGENS\63940020PDM001B.JPG;02
0000853;63965020;\RECH\IMAGENS\63965020PDM001B.JPG;01
0000854;63940030;\RECH\IMAGENS\63940030PDM001B.JPG;01
0000855;63965030;\RECH\IMAGENS\63965030PDM001B.JPG;01
0000857;63965040;\RECH\IMAGENS\63965040PDM001B.JPG;01
0000858;63940050;\RECH\IMAGENS\63940050PDM001B.JPG;01
0000859;63965050;\RECH\IMAGENS\63965050PDM001B.JPG;01
0000860;63940060;\RECH\IMAGENS\63940060.JPG;01
0000861;63965060;\RECH\IMAGENS\63965060PDM001B.JPG;01
0000862;63965070;\RECH\IMAGENS\63965070PDM001B.JPG;01
0000863;63940080;\RECH\IMAGENS\63940080PDM001B.JPG;01
0000864;63965080;\RECH\IMAGENS\63965080PDM001B.JPG;01
0000865;63940091;\RECH\IMAGENS\63940091PDM001B.JPG;01
0000866;63965090;\RECH\IMAGENS\63965090PDM001B.JPG;01
0000868;63965100;\RECH\IMAGENS\63965100PDM001B.JPG;01
0000869;63940110;\RECH\IMAGENS\63940110.JPG;01
0000870;63950110;\RECH\IMAGENS\63950110PDM001B.JPG;01
0000871;63965110;\RECH\IMAGENS\63965110PDM001B.JPG;01
0000872;63940120;\RECH\IMAGENS\63940120.JPG;01
0000872;63940120;\RECH\IMAGENS\63940120PDM001B.JPG;02
0000873;63965120;\RECH\IMAGENS\63965120PDM001B.JPG;01
0000874;63940140;\RECH\IMAGENS\63940140PDM001B.JPG;01
