0001460;23001004;\RECH\IMAGENS\23001004N01B.JPG;01
0001461;23002000;\RECH\IMAGENS\23002000N01B.JPG;01
0001462;23003000;\RECH\IMAGENS\23003000N01B.JPG;01
0001463;23004003;\RECH\IMAGENS\23004003N01B.JPG;01
0001464;23005000;\RECH\IMAGENS\23005000N01B.JPG;01
0001465;23006000;\RECH\IMAGENS\23006000N01B.JPG;01
0001466;23007000;\RECH\IMAGENS\23007000N01B.JPG;01
0001467;23008000;\RECH\IMAGENS\23008000N01B.JPG;01
0001468;23010003;\RECH\IMAGENS\23010003N01B.JPG;01
0001470;23000005;\RECH\IMAGENS\23000005N01B.JPG;01
0001471;23000305;\RECH\IMAGENS\23000305N01B.JPG;01
0001472;23011005;\RECH\IMAGENS\23011005N01B.JPG;01
0001473;23011305;\RECH\IMAGENS\23011305N01B.JPG;01
0001474;23012005;\RECH\IMAGENS\23012005N01B.JPG;01
0001476;23015006;\RECH\IMAGENS\23015006N01B.JPG;01
0001478;23014005;\RECH\IMAGENS\23014005N01B.JPG;01
0001480;23016006;\RECH\IMAGENS\23016006N01B.JPG;01
0001482;23013005;\RECH\IMAGENS\23013005N01B.JPG;01
0001483;23017008;\RECH\IMAGENS\23017008N01B.JPG;01
0001484;23018008;\RECH\IMAGENS\23018008N01B.JPG;01
0001485;23019006;\RECH\IMAGENS\23019006N01B.JPG;01
0001488;23020008;\RECH\IMAGENS\23020008N01B.JPG;01
0001490;23001304;\RECH\IMAGENS\23001304N01B.JPG;01
0001491;23002300;\RECH\IMAGENS\23002300N01B.JPG;01
0001492;23003300;\RECH\IMAGENS\23003300N01B.JPG;01
0001493;23004303;\RECH\IMAGENS\23004303N01B.JPG;01
0001494;23005300;\RECH\IMAGENS\23005300N01B.JPG;01
0001495;23006300;\RECH\IMAGENS\23006300N01B.JPG;01
0001496;23007300;\RECH\IMAGENS\23007300N01B.JPG;01
0001497;23008300;\RECH\IMAGENS\23008300N01B.JPG;01
0001498;23099001;\RECH\IMAGENS\23099001N01B.JPG;01
0001499;23099002;\RECH\IMAGENS\23099002N01B.JPG;01
0001500;23099007;\RECH\IMAGENS\23099007N01B.JPG;01
0001501;23099003;\RECH\IMAGENS\23099003N01B.JPG;01
0001502;23099004;\RECH\IMAGENS\23099004N01B.JPG;01
0001503;23099010;\RECH\IMAGENS\23099010N01B.JPG;01
0001504;23099011;\RECH\IMAGENS\23099011N01B.JPG;01
0001505;23099006;\RECH\IMAGENS\23099006N01B.JPG;01
0001506;23099008;\RECH\IMAGENS\23099008N01B.JPG;01
0001507;23099012;\RECH\IMAGENS\23099012N01B.JPG;01
0001508;23099013;\RECH\IMAGENS\23099013N01B.JPG;01
0001509;94022203;\RECH\IMAGENS\94022203PDM001B.JPG;01
0001510;94543050;\RECH\IMAGENS\94543050IXM001B.JPG;01
0001510;94543050;\RECH\IMAGENS\94543050PDM001B.JPG;02
0001523;93908103;\RECH\IMAGENS\93908103PDM001B.JPG;01
0001524;94715220;\RECH\IMAGENS\94715220PDM001B.JPG;01
0001524;94715220;\RECH\IMAGENS\94715220DTM001B.JPG;02
0001529;65650700;\RECH\IMAGENS\65650700EBM001B.JPG;01
0001529;65650700;\RECH\IMAGENS\65650700PDM001A.JPG;02
0001529;65650700;\RECH\IMAGENS\65650700PDM001B.JPG;03
0001532;94703501;\RECH\IMAGENS\94703501PDM001B.JPG;01
0001532;94703501;\RECH\IMAGENS\94703501PDM001B.JPG;02
0001533;65650800;\RECH\IMAGENS\65650800EBM001B.JPG;01
0001533;65650800;\RECH\IMAGENS\65650800PDM001B.JPG;02
0001534;66962990;\RECH\IMAGENS\66962990PDM001B.JPG;01
0001535;66962980;\RECH\IMAGENS\66962980PDM001B.JPG;01
0001537;94543012;\RECH\IMAGENS\94543012IXM001B.JPG;01
0001540;94062402;\RECH\IMAGENS\94062402PDM001B.JPG;01
0001540;94062402;\RECH\IMAGENS\94062402DTM001B.JPG;02
0001542;20299021;\RECH\IMAGENS\20299021EBM001B.JPG;01
0001542;20299021;\RECH\IMAGENS\20299021PDM001B.JPG;02
0001554;23399991;\RECH\IMAGENS\23399991PDM001B.JPG;01
0001557;10630006;\RECH\IMAGENS\10630006.JPG;01
0001558;94703101;\RECH\IMAGENS\94703101PDM001B.JPG;01
0001558;94703101;\RECH\IMAGENS\94703101DTM001B.JPG;02
0001559;94714110;\RECH\IMAGENS\94714110PDM001B (2).JPG;01
0001559;94714110;\RECH\IMAGENS\94714110DTM001B.JPG;02
0001559;94714110;\RECH\IMAGENS\94714110IXM001B.JPG;03
0001559;94714110;\RECH\IMAGENS\94714110PDM001B.JPG;04
0001560;94714220;\RECH\IMAGENS\94714110PDM001B (2).JPG;01
0001562;23499050;\RECH\IMAGENS\23499050PDM001B.JPG;01
0001562;23499050;\RECH\IMAGENS\23499050PDM001B.JPG;02
0001563;23499850;\RECH\IMAGENS\23499850IXM001B.JPG;01
0001563;23499850;\RECH\IMAGENS\23499850PDM001B.JPG;02
0001567;25624100;\RECH\IMAGENS\25624100PDM001B.JPG;01
0001568;25637100;\RECH\IMAGENS\25637100PDM001B.JPG;01
0001569;61530000;\RECH\IMAGENS\61530000IXM001B.JPG;01
0001569;61530000;\RECH\IMAGENS\61530000IXM002B.JPG;02
0001569;61530000;\RECH\IMAGENS\61530000IXM004B.JPG;03
0001571;23399306;\RECH\IMAGENS\23399306N01B.JPG;01
0001604;61312260;\RECH\IMAGENS\61312260PDM001B.JPG;01
0001608;23100014;\RECH\IMAGENS\23100014N01B.JPG;01
0001610;23101014;\RECH\IMAGENS\23101014N01B.JPG;01
0001612;23102010;\RECH\IMAGENS\23102010N01B.JPG;01
0001614;23103010;\RECH\IMAGENS\23103010N01B.JPG;01
0001616;23104013;\RECH\IMAGENS\23104013N01B.JPG;01
0001618;23105010;\RECH\IMAGENS\23105010N01B.JPG;01
0001620;23106010;\RECH\IMAGENS\23106010N01B.JPG;01
0001622;23107010;\RECH\IMAGENS\23107010N01B.JPG;01
0001624;23108010;\RECH\IMAGENS\23108010N01B.JPG;01
0001626;23101314;\RECH\IMAGENS\23101314N01B.JPG;01
0001627;23104313;\RECH\IMAGENS\23104313N01B.JPG;01
0001628;23199101;\RECH\IMAGENS\23199101N01B.JPG;01
0001650;20799604;\RECH\IMAGENS\20799604PDM001B.JPG;01
0001651;94833110;\RECH\IMAGENS\94833110PDM001B.JPG;01
0001652;94833220;\RECH\IMAGENS\94833110PDM001B.JPG;01
0001657;21517090;\RECH\IMAGENS\21517090IXM001B.JPG;01
0001657;21517090;\RECH\IMAGENS\21517090PDM001B.JPG;02
0001658;21500093;\RECH\IMAGENS\21500093PDM001B.JPG;01
0001659;21506096;\RECH\IMAGENS\21506096PDM001B.JPG;01
0001660;21509098;\RECH\IMAGENS\21509098PDM001B.JPG;01
0001661;21510094;\RECH\IMAGENS\21510094PDM001B.JPG;01
0001663;21520097;\RECH\IMAGENS\21520097PDM001B.JPG;01
0001665;24094108;\RECH\IMAGENS\24094108PDM001B.JPG;01
0001666;23499450;\RECH\IMAGENS\23499450PDM001B.JPG;01
0001667;21101074;\RECH\IMAGENS\21101074N01B.JPG;01
0001667;21101074;\RECH\IMAGENS\21101074PDM001B.JPG;02
0001669;21102070;\RECH\IMAGENS\21102070N01B.JPG;01
0001669;21102070;\RECH\IMAGENS\21102070PDM001B.JPG;02
0001670;21102470;\RECH\IMAGENS\21102470PDM001B.JPG;01
0001671;21103070;\RECH\IMAGENS\21103070N01B.JPG;01
0001671;21103070;\RECH\IMAGENS\21103070PDM001B.JPG;02
0001672;21103470;\RECH\IMAGENS\21103470_13061411375802822015210.JPG;01
0001673;21104073;\RECH\IMAGENS\21104073N01B.JPG;01
0001673;21104073;\RECH\IMAGENS\21104073PDM001B.JPG;02
0001674;21104473;\RECH\IMAGENS\21104473_13061411375805574015210.JPG;01
0001675;21105070;\RECH\IMAGENS\21105070N01B.JPG;01
0001675;21105070;\RECH\IMAGENS\21105070PDM001B.JPG;02
0001676;21106070;\RECH\IMAGENS\21106070N01B.JPG;01
0001676;21106070;\RECH\IMAGENS\21106070PDM001B.JPG;02
0001677;21106470;\RECH\IMAGENS\21106470PDM001B(2).JPG;01
0001677;21106470;\RECH\IMAGENS\21106470PDM001B.JPG;02
0001678;21108070;\RECH\IMAGENS\21108070N01B.JPG;01
0001679;21107070;\RECH\IMAGENS\21107070N01B.JPG;01
0001679;21107070;\RECH\IMAGENS\21107070PDM001B.JPG;02
0001680;21107470;\RECH\IMAGENS\21107470_13061411375800562015210.JPG;01
0001681;21117072;\RECH\IMAGENS\21117072N01B.JPG;01
0001682;21115075;\RECH\IMAGENS\21115075PDM001B.JPG;01
0001683;21112074;\RECH\IMAGENS\21112074N01B.JPG;01
0001684;21100475;\RECH\IMAGENS\21100075N01B.JPG;01
0001685;21109074;\RECH\IMAGENS\21109074N01B.JPG;01
0001685;21109074;\RECH\IMAGENS\21109074PDM001B.JPG;02
0001686;21110070;\RECH\IMAGENS\21110070N01B.JPG;01
0001686;21110070;\RECH\IMAGENS\21110070PDM001B.JPG;02
0001687;21113074;\RECH\IMAGENS\21113074N01B.JPG;01
0001688;21114075;\RECH\IMAGENS\21114075N01B.JPG;01
0001689;21159170;\RECH\IMAGENS\21159170N01B.JPG;01
0001690;21121073;\RECH\IMAGENS\21121073PDM001B.JPG;01
0001692;21123174;\RECH\IMAGENS\21123174N01B.JPG;01
0001693;21125177;\RECH\IMAGENS\21125177N01B.JPG;01
0001693;21125177;\RECH\IMAGENS\21125177PDM001B.JPG;02
0001694;21126176;\RECH\IMAGENS\21126176PDM001B.JPG;01
0001696;21127174;\RECH\IMAGENS\21127174PDM001B.JPG;01
0001700;21128178;\RECH\IMAGENS\21128178N01B.JPG;01
0001701;21130179;\RECH\IMAGENS\21130179N01B.JPG;01
0001702;21131176;\RECH\IMAGENS\21131176N01B.JPG;01
0001706;21133179;\RECH\IMAGENS\21133179N01B.JPG;01
0001707;21145170;\RECH\IMAGENS\21145170N01B.JPG;01
0001708;21199701;\RECH\IMAGENS\21199701N01B.JPG;01
0001709;21109374;\RECH\IMAGENS\21109374PDM001B.JPG;01
0001710;21110370;\RECH\IMAGENS\21110370PDM001B.JPG;01
0001712;21199736;\RECH\IMAGENS\21199736N01B.JPG;01
0001713;21199717;\RECH\IMAGENS\21199717N01B.JPG;01
0001714;21199702;\RECH\IMAGENS\21199702N01B.JPG;01
0001715;21199723;\RECH\IMAGENS\21199723N01B.JPG;01
0001716;21199709;\RECH\IMAGENS\21199709_13060812265965623015210.JPG;01
0001717;24003105;\RECH\IMAGENS\24003105PDM001B.JPG;01
0001718;24006106;\RECH\IMAGENS\24006106PDM001B.JPG;01
0001719;24010104;\RECH\IMAGENS\24010104PDM001B.JPG;01
0001720;24010106;\RECH\IMAGENS\24010106PDM001B.JPG;01
0001721;24010108;\RECH\IMAGENS\24010108PDM001B.JPG;01
0001729;24014106;\RECH\IMAGENS\24014106PDM001B.JPG;01
0001731;24009108;\RECH\IMAGENS\24009108PDM001B.JPG;01
0001733;24001103;\RECH\IMAGENS\24001103PDM001B.JPG;01
0001736;24004105;\RECH\IMAGENS\24004105PDM001B.JPG;01
0001739;24007106;\RECH\IMAGENS\24007106PDM001B.JPG;01
0001746;24099011;\RECH\IMAGENS\24099011PDM001B.JPG;01
0001841;22950105;\RECH\IMAGENS\22950105PDM001B.JPG;01
0001845;22950109;\RECH\IMAGENS\22950105PDM001B.JPG;01
0001848;22901005;\RECH\IMAGENS\22901005PDM001B.JPG;01
0001856;57550001;\RECH\IMAGENS\57550001N01B.JPG;01
0001857;57501004;\RECH\IMAGENS\57501004N01B.JPG;01
0001858;41001108;\RECH\IMAGENS\41001107PDM001B.JPG;01
0001859;41006106;\RECH\IMAGENS\41006106PDM001B.JPG;01
0001863;22921006;\RECH\IMAGENS\22921006PDM001B.JPG;01
0001866;22921106;\RECH\IMAGENS\22921106PDM001B.JPG;01
0001869;22920005;\RECH\IMAGENS\22920005PDM001B.JPG;01
0001873;22920105;\RECH\IMAGENS\22920105PDM001B.JPG;01
0001874;22920106;\RECH\IMAGENS\22920106PDM001B.JPG;01
0001875;22920107;\RECH\IMAGENS\22920107PDM001B.JPG;01
0001876;22920108;\RECH\IMAGENS\22920108PDM001B.JPG;01
0001877;64380020;\RECH\IMAGENS\64380020N01B.JPG;01
0001878;22806108;\RECH\IMAGENS\22806108N01B.JPG;01
0001880;21407178;\RECH\IMAGENS\21407178N01B.JPG;01
0001881;23499451;\RECH\IMAGENS\23499451PDM001B.JPG;01
0001882;21516090;\RECH\IMAGENS\21516090PDM001B.JPG;01
0001885;25033180;\RECH\IMAGENS\25033180N01B.JPG;01
0001887;25032180;\RECH\IMAGENS\25032180N01B.JPG;01
0001893;25000110;\RECH\IMAGENS\25000110PDM001B.JPG;01
0001896;25011180;\RECH\IMAGENS\25011180N01B.JPG;01
0001897;25025110;\RECH\IMAGENS\25025110N01B.JPG;01
0001899;25015180;\RECH\IMAGENS\25015180N01B.JPG;01
0001901;25016180;\RECH\IMAGENS\25016180N01B.JPG;01
0001903;25120180;\RECH\IMAGENS\25120180N01B.JPG;01
0001905;25121180;\RECH\IMAGENS\25121180N01B.JPG;01
0001907;25122180;\RECH\IMAGENS\25122180N01B.JPG;01
0001909;25100180;\RECH\IMAGENS\25100180N01B.JPG;01
0001910;25101180;\RECH\IMAGENS\25101180N01B.JPG;01
0001911;25105180;\RECH\IMAGENS\25105180PDM001B.JPG;01
0001912;25107180;\RECH\IMAGENS\25107180PDM001B.JPG;01
