0000875;63950140;\RECH\IMAGENS\63950140PDM001B.JPG;01
0000876;63965140;\RECH\IMAGENS\63965140PDM001B.JPG;01
0000878;63965150;\RECH\IMAGENS\63965150PDM001B.JPG;01
0000882;63950180;\RECH\IMAGENS\63950180PDM001B.JPG;01
0000884;63965190;\RECH\IMAGENS\63965190PDM001B.JPG;01
0000886;63950210;\RECH\IMAGENS\63950210PDM001B.JPG;01
0000888;63950070;\RECH\IMAGENS\63950070PDM001B.JPG;01
0000889;63940250;\RECH\IMAGENS\63940250PDM001B.JPG;01
0000890;63965250;\RECH\IMAGENS\63965250PDM001B.JPG;01
0000891;63940260;\RECH\IMAGENS\63940260PDM001B.JPG;01
0000892;63965260;\RECH\IMAGENS\63965260PDM001B.JPG;01
0000893;63940270;\RECH\IMAGENS\63940270PDM001B.JPG;01
0000894;63950270;\RECH\IMAGENS\63950270IXM002B (2).JPG;01
0000894;63950270;\RECH\IMAGENS\63950270IXM002B.JPG;02
0000895;63965270;\RECH\IMAGENS\63965270PDM001B.JPG;01
0000896;63965280;\RECH\IMAGENS\63965280PDM001B.JPG;01
0000900;66950000;\RECH\IMAGENS\66950000PDM001B.JPG;01
0000900;66950000;\RECH\IMAGENS\66950000.JPG;02
0000902;66940000;\RECH\IMAGENS\66940000PDM001B.JPG;01
0000903;66950010;\RECH\IMAGENS\66950010_13052011555384540015210.JPG;01
0000905;66940010;\RECH\IMAGENS\66940010PDM001B.JPG;01
0000906;66950030;\RECH\IMAGENS\66950030N01B.JPG;01
0000908;66940020;\RECH\IMAGENS\66940020PDM001B.JPG;01
0000909;66965040;\RECH\IMAGENS\66965040N01B.JPG;01
0000915;66940011;\RECH\IMAGENS\66940011PDM001B.JPG;01
0000916;66950011;\RECH\IMAGENS\66950011N01B.JPG;01
0000916;66950011;\RECH\IMAGENS\66950011PDM001B.JPG;02
0000917;66940021;\RECH\IMAGENS\66940021PDM001B.JPG;01
0000918;66950021;\RECH\IMAGENS\66950021N01B.JPG;01
0000918;66950021;\RECH\IMAGENS\66950021PDM001B.JPG;02
0000919;66940181;\RECH\IMAGENS\66940181PDM001B.JPG;01
0000920;66950181;\RECH\IMAGENS\66950181PDM001B.JPG;01
0000921;66940031;\RECH\IMAGENS\66940031PDM001B.JPG;01
0000922;66950031;\RECH\IMAGENS\66950031N01B.JPG;01
0000922;66950031;\RECH\IMAGENS\66950031PDM001B.JPG;02
0000924;66950371;\RECH\IMAGENS\66950371N01B.JPG;01
0000928;66950081;\RECH\IMAGENS\66950081N01B.JPG;01
0000928;66950081;\RECH\IMAGENS\66950081PDM001B.JPG;02
0000930;66950041;\RECH\IMAGENS\66950041N01B.JPG;01
0000932;66950051;\RECH\IMAGENS\66950051N01B.JPG;01
0000932;66950051;\RECH\IMAGENS\66950051PDM001B.JPG;02
0000934;66950061;\RECH\IMAGENS\66950061N01B.JPG;01
0000936;66950381;\RECH\IMAGENS\66950381N01B.JPG;01
0000937;66940121;\RECH\IMAGENS\66940121PDM001B.JPG;01
0000938;66940111;\RECH\IMAGENS\66940111PDM001B.JPG;01
0000939;66950111;\RECH\IMAGENS\66950111N01B.JPG;01
0000939;66950111;\RECH\IMAGENS\66950111PDM001B.JPG;02
0000940;66940141;\RECH\IMAGENS\66940141PDM001B.JPG;01
0000941;66950141;\RECH\IMAGENS\66950141N01B.JPG;01
0000941;66950141;\RECH\IMAGENS\66950141PDM001B.JPG;02
0000943;63923010;\RECH\IMAGENS\63923010PDM001B.JPG;01
0000946;63923020;\RECH\IMAGENS\63923020PDM001B.JPG;01
0000947;63930020;\RECH\IMAGENS\63930020PDM001B.JPG;01
0000949;63923030;\RECH\IMAGENS\63923030PDM001B.JPG;01
0000950;63930030;\RECH\IMAGENS\63930030PDM001B.JPG;01
0000952;63923040;\RECH\IMAGENS\63923040_13060109561880168015210.JPG;01
0000953;63930040;\RECH\IMAGENS\63930040PDM001B.JPG;01
0000955;63923050;\RECH\IMAGENS\63923050_13060109561882894015210.JPG;01
0000956;63930050;\RECH\IMAGENS\63930050PDM001B.JPG;01
0000958;63923060;\RECH\IMAGENS\63923060_13060109561884636015210.JPG;01
0000959;63930060;\RECH\IMAGENS\63930060PDM001B.JPG;01
0000961;63923070;\RECH\IMAGENS\63923070PDM001B.JPG;01
0000962;63930070;\RECH\IMAGENS\63930070PDM001B.JPG;01
0000964;63923080;\RECH\IMAGENS\63923080PDM001B.JPG;01
0000965;63930080;\RECH\IMAGENS\63930080PDM001B.JPG;01
0000967;63923090;\RECH\IMAGENS\63923090PDM001B.JPG;01
0000968;63930090;\RECH\IMAGENS\63930090PDM001B.JPG;01
0000970;63923100;\RECH\IMAGENS\63923100PDM001B.JPG;01
0000971;63930100;\RECH\IMAGENS\63930100PDM001B.JPG;01
0000973;63923110;\RECH\IMAGENS\63923110PDM001B.JPG;01
0000976;63923120;\RECH\IMAGENS\63923120PDM001B.JPG;01
0000977;63930120;\RECH\IMAGENS\63930120PDM001B.JPG;01
0000979;63923140;\RECH\IMAGENS\63923140PDM001B.JPG;01
0000980;63930140;\RECH\IMAGENS\63930140PDM001B.JPG;01
0000982;63923150;\RECH\IMAGENS\63923150PDM001B.JPG;01
0000983;63930150;\RECH\IMAGENS\63930150PDM001B.JPG;01
0000986;63930160;\RECH\IMAGENS\63930160N01B.JPG;01
0000988;63923170;\RECH\IMAGENS\63923170PDM001B.JPG;01
0000989;63930170;\RECH\IMAGENS\63930170PDM001B.JPG;01
0000990;63930180;\RECH\IMAGENS\63930180PDM001B.JPG;01
0000992;63923190;\RECH\IMAGENS\63923190PDM001B.JPG;01
0000993;63930190;\RECH\IMAGENS\63930190PDM001B.JPG;01
0000995;63923210;\RECH\IMAGENS\63923210PDM001B.JPG;01
0000996;63930210;\RECH\IMAGENS\63930210PDM001B.JPG;01
0000998;63923250;\RECH\IMAGENS\63923250PDM001B.JPG;01
0001001;63923260;\RECH\IMAGENS\63923260PDM001B.JPG;01
0001002;63930260;\RECH\IMAGENS\63930260PDM001B.JPG;01
0001004;63923270;\RECH\IMAGENS\63923270PDM001B.JPG;01
0001005;63930270;\RECH\IMAGENS\63930270PDM001B.JPG;01
0001007;63923280;\RECH\IMAGENS\63923280PDM001B.JPG;01
0001008;63930280;\RECH\IMAGENS\63930280PDM001B.JPG;01
0001009;22210003;\RECH\IMAGENS\22210003PDM001B.JPG;01
0001010;22215007;\RECH\IMAGENS\22215007N01B.JPG;01
0001010;22215007;\RECH\IMAGENS\22215007PDM001B.JPG;02
0001014;22200005;\RECH\IMAGENS\22200005PDM001B.JPG;01
0001016;22211004;\RECH\IMAGENS\22211004PDM001B.JPG;01
0001017;22212005;\RECH\IMAGENS\22212005PDM001B.JPG;01
0001019;22213005;\RECH\IMAGENS\22213005N01B.JPG;01
0001019;22213005;\RECH\IMAGENS\22213005PDM001B.JPG;02
0001020;22214005;\RECH\IMAGENS\22214005PDM001B.JPG;01
0001021;22218009;\RECH\IMAGENS\22218009PDM001B.JPG;01
0001023;22219006;\RECH\IMAGENS\22219006PDM001B.JPG;01
0001031;22216006;\RECH\IMAGENS\22216006PDM001B.JPG;01
0001034;22201004;\RECH\IMAGENS\22201004PDM001B.JPG;01
0001035;22204003;\RECH\IMAGENS\22204003PDM001B.JPG;01
0001036;22217006;\RECH\IMAGENS\22217006PDM001B.JPG;01
0001042;22205000;\RECH\IMAGENS\22205000PDM001B.JPG;01
0001043;22230000;\RECH\IMAGENS\22230000PDM001B.JPG;01
0001044;22299019;\RECH\IMAGENS\22299019PDM001B.JPG;01
0001045;22231000;\RECH\IMAGENS\22231000PDM001B.JPG;01
0001046;22206000;\RECH\IMAGENS\22206000PDM001B.JPG;01
0001047;22207000;\RECH\IMAGENS\22207000PDM001B.JPG;01
0001048;22232009;\RECH\IMAGENS\22232009PDM001B.JPG;01
0001050;22233006;\RECH\IMAGENS\22233006PDM001B.JPG;01
0001052;22202000;\RECH\IMAGENS\22202000N01B.JPG;01
0001052;22202000;\RECH\IMAGENS\22202000PDM001B.JPG;02
0001053;22203000;\RECH\IMAGENS\22203000PDM001B.JPG;01
0001054;22234106;\RECH\IMAGENS\22234106PDM001B.JPG;01
0001055;22235100;\RECH\IMAGENS\22235100PDM001B.JPG;01
0001056;22236100;\RECH\IMAGENS\22236100PDM001B.JPG;01
0001057;22237100;\RECH\IMAGENS\22237100PDM001B.JPG;01
0001058;22238100;\RECH\IMAGENS\22238100PDM001B.JPG;01
0001059;22239100;\RECH\IMAGENS\22239100PDM001B.JPG;01
0001060;22240100;\RECH\IMAGENS\22240100PDM001B.JPG;01
0001061;22200305;\RECH\IMAGENS\22200305PDM001B.JPG;01
0001062;22201304;\RECH\IMAGENS\22201304PDM001B.JPG;01
0001063;22202300;\RECH\IMAGENS\22202300.JPG;01
0001063;22202300;\RECH\IMAGENS\22202300PDM001B.JPG;02
0001064;22204303;\RECH\IMAGENS\22204303N01B.JPG;01
0001065;22203300;\RECH\IMAGENS\22203300PDM001B.JPG;01
0001066;22205300;\RECH\IMAGENS\22205300N01B.JPG;01
0001067;22206300;\RECH\IMAGENS\22206300N01B.JPG;01
0001068;22207300;\RECH\IMAGENS\22207300PDM001B.JPG;01
0001070;22299001;\RECH\IMAGENS\22299001PDM001B.JPG;01
0001071;22299015;\RECH\IMAGENS\22299015PDM001B.JPG;01
0001072;22299016;\RECH\IMAGENS\22299016N01B.JPG;01
0001075;22299021;\RECH\IMAGENS\22299021N01B.JPG;01
0001076;22299012;\RECH\IMAGENS\22299012PDM001B.JPG;01
0001078;22299007;\RECH\IMAGENS\22299007PDM001B.JPG;01
0001079;22299009;\RECH\IMAGENS\22299009_13060815243681932015210.JPG;01
0001080;22299002;\RECH\IMAGENS\22299002_13060815243689218015210.JPG;01
0001081;22299003;\RECH\IMAGENS\22299003N01B.JPG;01
0001082;22299004;\RECH\IMAGENS\22299004PDM001B.JPG;01
0001083;22299005;\RECH\IMAGENS\22299005N01B.JPG;01
0001084;22299023;\RECH\IMAGENS\22299023PDM001B.JPG;01
0001086;22299022;\RECH\IMAGENS\22299022N01B.JPG;01
0001087;22299025;\RECH\IMAGENS\22299025N01B.JPG;01
0001088;22299026;\RECH\IMAGENS\22299026PDM001B.JPG;01
0001089;66995800;\RECH\IMAGENS\66995800N01B.JPG;01
0001090;20520020;\RECH\IMAGENS\20520016N01B.JPG;01
0001091;20599001;\RECH\IMAGENS\20599001PDM001B.JPG;01
0001093;20056024;\RECH\IMAGENS\20056024_13061411375814323015210.JPG;01
0001096;26103107;\RECH\IMAGENS\26103107N01B.JPG;01
0001097;26053106;\RECH\IMAGENS\26053106PDM001B.JPG;01
0001098;26499012;\RECH\IMAGENS\26499012PDM001B.JPG;01
0001101;20058035;\RECH\IMAGENS\20058035N01B.JPG;01
0001101;20058035;\RECH\IMAGENS\20058035PDM001B.JPG;02
0001102;20069022;\RECH\IMAGENS\20069022N01B.JPG;01
0001102;20069022;\RECH\IMAGENS\20069022PDM001B.JPG;02
0001103;20069026;\RECH\IMAGENS\20069022N01B.JPG;01
0001104;20120022;\RECH\IMAGENS\20120022N01B.JPG;01
0001104;20120022;\RECH\IMAGENS\20120022PDM001B.JPG;02
0001105;20525016;\RECH\IMAGENS\20525016N01B.JPG;01
0001105;20525016;\RECH\IMAGENS\20525016PDM001B.JPG;02
0001106;20525020;\RECH\IMAGENS\20525016N01B.JPG;01
0001107;20530020;\RECH\IMAGENS\20530016N01B.JPG;01
0001108;20540012;\RECH\IMAGENS\20540010N01B.JPG;01
0001109;20540014;\RECH\IMAGENS\20540010N01B.JPG;01
0001118;66970020;\RECH\IMAGENS\66970020PDM001B.JPG;01
0001119;26310102;\RECH\IMAGENS\26310102N01B.JPG;01
0001121;94012203;\RECH\IMAGENS\94012203PDM001B1.JPG;01
0001122;78519400;\RECH\IMAGENS\78519400PDM001B.JPG;01
0001123;94014203;\RECH\IMAGENS\94010203PDM001B.JPG;01
0001123;94014203;\RECH\IMAGENS\94010100PDM001B.JPG;02
0001124;78581610;\RECH\IMAGENS\78581610PDM001B.JPG;01
0001135;66923210;\RECH\IMAGENS\66910210N01B.JPG;01
0001143;66923400;\RECH\IMAGENS\66923400PDM001B.JPG;01
0001144;66930400;\RECH\IMAGENS\66930400PDM001B.JPG;01
0001151;63927010;\RECH\IMAGENS\63927010_13052817324926926015210.JPG;01
0001151;63927010;\RECH\IMAGENS\63927010IXM001B.JPG;02
0001151;63927010;\RECH\IMAGENS\63927010IXM002B.JPG;03
0001152;63931010;\RECH\IMAGENS\63931010PDM001B.JPG;01
0001153;63932010;\RECH\IMAGENS\63932010.JPG;01
0001153;63932010;\RECH\IMAGENS\63932010IXM001B.JPG;02
0001155;63927020;\RECH\IMAGENS\63927020_13052817324929209015210.JPG;01
0001155;63927020;\RECH\IMAGENS\63927020IXM001B.JPG;02
0001156;63931020;\RECH\IMAGENS\63931020PDM001B.JPG;01
0001157;63932020;\RECH\IMAGENS\63932020.JPG;01
0001157;63932020;\RECH\IMAGENS\63932020IXM001B.JPG;02
0001159;63927030;\RECH\IMAGENS\63927030PDM001B.JPG.JPG;01
0001159;63927030;\RECH\IMAGENS\63927030IXM003B.JPG;02
0001160;63931030;\RECH\IMAGENS\63931030_13052814555975220015210.JPG;01
0001160;63931030;\RECH\IMAGENS\63931030_13052814555976651015210.JPG;02
0001161;63932030;\RECH\IMAGENS\63932030IXM002B.JPG;01
0001163;63927040;\RECH\IMAGENS\63927040PDM001B.JPG;01
0001164;63931040;\RECH\IMAGENS\63931040PDM001B.JPG;01
0001165;63932040;\RECH\IMAGENS\63932040PDM001B.JPG;01
0001167;63927050;\RECH\IMAGENS\63927050PDM001B.JPG;01
0001168;63931050;\RECH\IMAGENS\63931050PDM001B.JPG;01
0001169;63932050;\RECH\IMAGENS\63932050PDM001B.JPG;01
