0000304;78515000;\RECH\IMAGENS\78515000PDM001B.JPG;02
0000305;77907001;\RECH\IMAGENS\77907001N01B.JPG;01
0000305;77907001;\RECH\IMAGENS\77907001PDM001B.JPG;02
0000306;77908001;\RECH\IMAGENS\77908001PDM001B.JPG;01
0000307;77909001;\RECH\IMAGENS\77909001N01B.JPG;01
0000307;77909001;\RECH\IMAGENS\77909001PDM001B.JPG;02
0000308;77915001;\RECH\IMAGENS\77915001N01B.JPG;01
0000308;77915001;\RECH\IMAGENS\77915001PDM001B.JPG;02
0000310;63950010;\RECH\IMAGENS\63950010PDM001B.JPG;01
0000311;63950020;\RECH\IMAGENS\63950020PDM001B.JPG;01
0000312;63950030;\RECH\IMAGENS\63950030PDM001B.JPG;01
0000313;63950040;\RECH\IMAGENS\63950040PDM001B.JPG;01
0000314;63950050;\RECH\IMAGENS\63950052PDM001B.JPG;01
0000315;63950060;\RECH\IMAGENS\63950060PDM001B.JPG;01
0000316;63950080;\RECH\IMAGENS\63950080PDM001B.JPG;01
0000317;63950090;\RECH\IMAGENS\63950090PDM001B.JPG;01
0000318;63950100;\RECH\IMAGENS\63950100PDM001B.JPG;01
0000319;63950120;\RECH\IMAGENS\63950120PDM001B.JPG;01
0000320;63950150;\RECH\IMAGENS\63950150PDM001B.JPG;01
0000321;63950190;\RECH\IMAGENS\63950190PDM001B.JPG;01
0000322;63950250;\RECH\IMAGENS\63950250PDM001B.JPG;01
0000323;63950260;\RECH\IMAGENS\63950260PDM001B.JPG;01
0000324;63950290;\RECH\IMAGENS\63950290_13061316002909690015210.JPG;01
0000325;20065022;\RECH\IMAGENS\20065022N01B.JPG;01
0000325;20065022;\RECH\IMAGENS\20065022PDM001B.JPG;02
0000326;64360110;\RECH\IMAGENS\64360110N01B.JPG;01
0000327;25900144;\RECH\IMAGENS\25900144IXM001B.JPG;01
0000328;20061024;\RECH\IMAGENS\20061024N01B.JPG;01
0000328;20061024;\RECH\IMAGENS\20061024PDM001B.JPG;02
0000329;61406200;\RECH\IMAGENS\61406200.JPG;01
0000330;61103000;\RECH\IMAGENS\61103000N01B.JPG;01
0000331;44023001;\RECH\IMAGENS\44023001N01B.JPG;01
0000335;77804201;\RECH\IMAGENS\77804201PDM001B.JPG;01
0000336;61041000;\RECH\IMAGENS\61041000PDM001B.JPG;01
0000348;56120010;\RECH\IMAGENS\56120010PDM001B.JPG;01
0000349;44833222;\RECH\IMAGENS\44833222PDM001B.JPG;01
0000350;44630109;\RECH\IMAGENS\44630109_13061818355818462015210.JPG;01
0000351;44021036;\RECH\IMAGENS\44021008PDM001A.JPG;01
0000352;44021024;\RECH\IMAGENS\44021008PDM001A.JPG;01
0000354;78523500;\RECH\IMAGENS\78523500PDM001B.JPG;01
0000355;78529400;\RECH\IMAGENS\78529400PDM001B.JPG;01
0000357;43400304;\RECH\IMAGENS\43400304PDM001B.JPG;01
0000359;57410950;\RECH\IMAGENS\57410950N01B.JPG;01
0000361;26101106;\RECH\IMAGENS\26101106N01B.JPG;01
0000362;26054108;\RECH\IMAGENS\26054108PDM001B.JPG;01
0000363;25901105;\RECH\IMAGENS\25901105PDM001B.JPG;01
0000364;25905107;\RECH\IMAGENS\25905107_13061412314262445015210.JPG;01
0000365;25916108;\RECH\IMAGENS\25916108PDM001B.JPG;01
0000366;25920109;\RECH\IMAGENS\25920109PDM001B.JPG;01
0000367;25002180;\RECH\IMAGENS\25002180N01B.JPG;01
0000372;21120173;\RECH\IMAGENS\21120173PDM001B.JPG;01
0000377;61412480;\RECH\IMAGENS\61412400N01B.JPG;01
0000381;64470810;\RECH\IMAGENS\64470810PDM001B.JPG;01
0000381;64470810;\RECH\IMAGENS\64470810PRM001B.JPG;02
0000383;21100075;\RECH\IMAGENS\21100075N01B.JPG;01
0000383;21100075;\RECH\IMAGENS\21100075PDM001B.JPG;02
0000386;64220900;\RECH\IMAGENS\64220900PDM001B.JPG;01
0000387;94020203;\RECH\IMAGENS\94020203PDM001B1.JPG;01
0000388;94030203;\RECH\IMAGENS\94030203PDM001B.JPG;01
0000389;10025730;\RECH\IMAGENS\10025730N01B.JPG;01
0000391;64320010;\RECH\IMAGENS\64320010N01B.JPG;01
0000392;61400300;\RECH\IMAGENS\61400200PDM001B.JPG;01
0000393;61430100;\RECH\IMAGENS\61430100.JPG;01
0000394;61470100;\RECH\IMAGENS\61470100.JPG;01
0000395;61484020;\RECH\IMAGENS\61484020PDM001B.JPG;01
0000396;62503160;\RECH\IMAGENS\62503160PDM001B.JPG;01
0000397;62503200;\RECH\IMAGENS\62503200.JPG;01
0000398;26499014;\RECH\IMAGENS\26499014IXM001B.JPG;01
0000399;26499015;\RECH\IMAGENS\26499015PDM001B.JPG;01
0000400;64400710;\RECH\IMAGENS\64400710PDM001B.JPG;01
0000401;23899620;\RECH\IMAGENS\23899620PDM001B.JPG;01
0000402;26010106;\RECH\IMAGENS\26010106PDM001B.JPG;01
0000403;26051105;\RECH\IMAGENS\26051105PDM001B (2).JPG;01
0000403;26051105;\RECH\IMAGENS\26051105PDM001B.JPG;02
0000405;21199703;\RECH\IMAGENS\21199703_13060812265911559015210.JPG;01
0000406;21199704;\RECH\IMAGENS\21199704N01B.JPG;01
0000407;21199711;\RECH\IMAGENS\21199711_13060812270042835015210.JPG;01
0000409;26102108;\RECH\IMAGENS\26102108N01B.JPG;01
0000410;65550020;\RECH\IMAGENS\65550020N01B.JPG;01
0000411;61100000;\RECH\IMAGENS\61100000PDM001B.JPG;01
0000412;61260350;\RECH\IMAGENS\61260350PDM001B.JPG;01
0000412;61260350;\RECH\IMAGENS\61260350PRM001B.JPG;02
0000414;61261350;\RECH\IMAGENS\61261350PDM001B.JPG;01
0000416;61262300;\RECH\IMAGENS\61262300PDM001B.JPG;01
0000416;61262300;\RECH\IMAGENS\61262300PRM001B.JPG;02
0000418;61263300;\RECH\IMAGENS\61263300PDM001B.JPG;01
0000419;61263350;\RECH\IMAGENS\61263350_13061316002951956015210.JPG;01
0000420;61265350;\RECH\IMAGENS\61265350PDM001B.JPG;01
0000422;61268300;\RECH\IMAGENS\61268300PDM001B.JPG;01
0000423;61271280;\RECH\IMAGENS\61271280PDM001B.JPG;01
0000423;61271280;\RECH\IMAGENS\61271280PRM001B.JPG;02
0000424;61272140;\RECH\IMAGENS\61272140PDM001B.JPG;01
0000425;61273000;\RECH\IMAGENS\61273000PDM001B.JPG;01
0000426;61274420;\RECH\IMAGENS\61274420N01B.JPG;01
0000427;61275400;\RECH\IMAGENS\61275400PDM001B.JPG;01
0000429;61276420;\RECH\IMAGENS\61276420PRM001B.JPG;01
0000429;61276420;\RECH\IMAGENS\61276420N01B.JPG;02
0000429;61276420;\RECH\IMAGENS\61276420PDM001B.JPG;03
0000432;61338360;\RECH\IMAGENS\61338360PDM001B.JPG;01
0000433;64330200;\RECH\IMAGENS\64330200N01B.JPG;01
0000437;78832503;\RECH\IMAGENS\78832503ATM001B.JPG;01
0000437;78832503;\RECH\IMAGENS\78832503PDM001B.JPG;02
0000438;61368390;\RECH\IMAGENS\61368390N01B.JPG;01
0000439;61370250;\RECH\IMAGENS\61370250N01B.JPG;01
0000447;61377250;\RECH\IMAGENS\61377250N01B.JPG;01
0000449;44021018;\RECH\IMAGENS\44021008PDM001A.JPG;01
0000452;65510300;\RECH\IMAGENS\65510300EBM001B.JPG;01
0000452;65510300;\RECH\IMAGENS\65510300PDM001A.JPG;02
0000452;65510300;\RECH\IMAGENS\65510300PDM001B.JPG;03
0000454;61378530;\RECH\IMAGENS\61378530N01B.JPG;01
0000459;61381250;\RECH\IMAGENS\61381250N01B.JPG;01
0000461;61400250;\RECH\IMAGENS\61400200PDM001B.JPG;01
0000462;61400350;\RECH\IMAGENS\61400200PDM001B.JPG;01
0000463;61400450;\RECH\IMAGENS\61400200PDM001B.JPG;01
0000464;61400500;\RECH\IMAGENS\61400200PDM001B.JPG;01
0000465;61402200;\RECH\IMAGENS\61402200PDM001B.JPG;01
0000466;61403501;\RECH\IMAGENS\61403500N01B.JPG;01
0000468;61404250;\RECH\IMAGENS\61404250PDM001B.JPG;01
0000469;61405341;\RECH\IMAGENS\61405340PDM001B.JPG;01
0000472;61410201;\RECH\IMAGENS\61410161N01B.JPG;01
0000473;61280310;\RECH\IMAGENS\61280310PDM001B.JPG;01
0000474;62614200;\RECH\IMAGENS\62614200N01B.JPG;01
0000475;62594200;\RECH\IMAGENS\62594200N01B.JPG;01
0000476;62564200;\RECH\IMAGENS\62564200N01B.JPG;01
0000477;66906890;\RECH\IMAGENS\66906890EBM001B.JPG;01
0000477;66906890;\RECH\IMAGENS\66906890.JPG;02
0000479;61113260;\RECH\IMAGENS\61113260PDM001B.JPG;01
0000480;61420140;\RECH\IMAGENS\61420140N01B.JPG;01
0000483;61425000;\RECH\IMAGENS\61425000PDM001B.JPG;01
0000484;61430070;\RECH\IMAGENS\61430070PDM001B.JPG;01
0000485;61430080;\RECH\IMAGENS\61430080.JPG;01
0000486;61430110;\RECH\IMAGENS\61430110.JPG;01
0000487;61430120;\RECH\IMAGENS\61430120.JPG;01
0000488;61431080;\RECH\IMAGENS\61431080PDM001B.JPG;01
0000489;61431100;\RECH\IMAGENS\61431100.JPG;01
0000490;64430500;\RECH\IMAGENS\64430500PDM001B.JPG;01
0000491;64430510;\RECH\IMAGENS\64430500PDM001B.JPG;01
0000492;61434050;\RECH\IMAGENS\61434050PDM001B.JPG;01
0000493;61434060;\RECH\IMAGENS\61434050.JPG;01
0000494;61435120;\RECH\IMAGENS\61435120PDM001B.JPG;01
0000495;61435140;\RECH\IMAGENS\61435140.JPG;01
0000496;61409340;\RECH\IMAGENS\61409340PDM001B.JPG;01
0000496;61409340;\RECH\IMAGENS\61409340PDM001B.JPG;02
0000497;61409420;\RECH\IMAGENS\61409420.JPG;01
0000498;61408340;\RECH\IMAGENS\61408340N01B.JPG;01
0000500;61411060;\RECH\IMAGENS\61411060PDM001B.JPG;01
0000501;61411070;\RECH\IMAGENS\61411070PDM001B.JPG;01
0000502;61412400;\RECH\IMAGENS\61412400N01B.JPG;01
0000502;61412400;\RECH\IMAGENS\61412400PDM001B.JPG;02
0000502;61412400;\RECH\IMAGENS\61412400PRM001B.JPG;03
0000504;63915180;\RECH\IMAGENS\63915180PDM001B.JPG;01
0000505;62634200;\RECH\IMAGENS\62634200PDM001B.JPG;01
0000507;61406180;\RECH\IMAGENS\61406180PDM001B.JPG;01
0000508;61406220;\RECH\IMAGENS\61406220.JPG;01
0000509;61413300;\RECH\IMAGENS\61413300N01B.JPG;01
0000509;61413300;\RECH\IMAGENS\61413300PDM001B.JPG;02
0000509;61413300;\RECH\IMAGENS\61413300PRM001B.JPG;03
0000510;61413350;\RECH\IMAGENS\61413350_13061316002938128015210.JPG;01
0000511;61427240;\RECH\IMAGENS\61427240PDM001B.JPG;01
0000512;61440420;\RECH\IMAGENS\61440420IXM001B.JPG;01
0000514;61450260;\RECH\IMAGENS\61450260N01B.JPG;01
0000516;61200420;\RECH\IMAGENS\61200420PDM001B.JPG;01
0000517;61200490;\RECH\IMAGENS\61200490_13052011555379080015210.JPG;01
0000518;61210300;\RECH\IMAGENS\61210300EBM001B.JPG;01
0000518;61210300;\RECH\IMAGENS\61210300N01B.JPG;02
0000518;61210300;\RECH\IMAGENS\61210300PDM001B.JPG;03
0000519;61464410;\RECH\IMAGENS\61464410N01B.JPG;01
0000520;61250220;\RECH\IMAGENS\61250220N01B.JPG;01
0000521;61251000;\RECH\IMAGENS\61251000PDM001B.JPG;01
0000522;61461060;\RECH\IMAGENS\61461060N01B.JPG;01
0000523;61465310;\RECH\IMAGENS\61465310N01B.JPG;01
0000524;61460240;\RECH\IMAGENS\61460240N01B.JPG;01
0000525;61421090;\RECH\IMAGENS\61421090PDM001B.JPG;01
0000526;61463420;\RECH\IMAGENS\61463420N01B.JPG;01
0000528;61470070;\RECH\IMAGENS\61470070PDM001B.JPG;01
0000529;61470080;\RECH\IMAGENS\61470080.JPG;01
0000530;61470110;\RECH\IMAGENS\61470110.JPG;01
0000531;61470120;\RECH\IMAGENS\61470100.JPG;01
0000532;61471100;\RECH\IMAGENS\61471100PDM001B.JPG;01
0000533;61471110;\RECH\IMAGENS\61471110.JPG;01
0000534;64470500;\RECH\IMAGENS\64470500PDM001B.JPG;01
0000535;64470510;\RECH\IMAGENS\64470510.JPG;01
0000536;61473080;\RECH\IMAGENS\61473080PDM001B.JPG;01
0000537;61474050;\RECH\IMAGENS\61474050N01B.JPG;01
0000539;61475120;\RECH\IMAGENS\61475120.JPG;01
0000540;61475140;\RECH\IMAGENS\61475140.JPG;01
0000541;61424000;\RECH\IMAGENS\61424000PDM001B.JPG;01
0000542;61482150;\RECH\IMAGENS\61482150N01B.JPG;01
0000542;61482150;\RECH\IMAGENS\61482150PDM001B.JPG;02
0000543;61483990;\RECH\IMAGENS\61483990PDM001B.JPG;01
0000544;61484030;\RECH\IMAGENS\61484030PDM001B.JPG;01
0000545;61495350;\RECH\IMAGENS\61495350N01B.JPG;01
0000548;61496280;\RECH\IMAGENS\61496280N01B.JPG;01
0000549;61497300;\RECH\IMAGENS\61497300N01B.JPG;01
0000551;61491300;\RECH\IMAGENS\61491300PDM001B.JPG;01
0000552;61491350;\RECH\IMAGENS\61491300PDM001B.JPG;01
0000554;61491450;\RECH\IMAGENS\61491300PDM001B.JPG;01
0000556;61101130;\RECH\IMAGENS\61101130PDM001B.JPG;01
0000558;63950510;\RECH\IMAGENS\63950510N01B.JPG;01
0000558;63950510;\RECH\IMAGENS\63950510PDM001B.JPG;02
